

Base Year Actual Turning Movement Counts
                  2030_NE15/16_Alt0_1pm_09Base_2/28/11


-----------------------------------------------------------------------------
    Int#       ND    SA    NA    SD    ED    WA    EA    ED    Dep    Arr
-----------------------------------------------------------------------------
   1 ( 981)    138   354    47    37   613   286   315   214   1002    1002
   2 (5455)     70   103    92   138   529   507   491   456   1193    1193
   3 ( 979)    391   308   571   384   430   499   310   483   1688    1688
   4 (5097)    187   291     0     0   679   715   650   790   1656    1656
   5 (1750)   1329   792   987   784   443   959   335   517   3073    3073
   6 (5017)   1118  1057   966   978   460   532   379   378   2934    2934
   7 (1738)    975   818   870  1080   701  1132   704   768   3524    3524
   8 (2640)    968   853  1002   925   508   671   376   501   2902    2902
   9 (1736)    747   945   852  1269   552   696   525   450   3018    3018
  10 (5609)    940  1287   911  1283    67    91     3     2   2292    2292
  11 (5105)   1099  1275  1120  1299    11    14    64    64   2473    2473
  12 (5106)   1030  1217   963  1216     0     0    88    22   2268    2268
  13 (1717)     99   270   171   212  1527  1204  1278  1085   2923    2923
  14 (1716)    362  1112     0     0  2224  1319  1236  1081   3667    3667
  15 (5020)      0     0   296   294   645  1171   534  1062   2001    2001
  16 (5021)    357   502   684   574  1383  1341  1131  1344   3658    3658
  17 (5022)    245   679   230   428   728   678   543   729   2130    2130
  18 (5025)    212   370   207   423   259   360   312   355   1249    1249
  19 (1735)    231   410     6    10   763   872   646   930   1934    1934
  20 (1749)    130    83   253   227   712  1286   610  1163   2232    2232
  21 (1739)    437   373   766   489  1654  1358  1308  1225   3805    3805
  22 (2641)    295   675   310   436   878   640   741   757   2366    2366
  23 (5027)    254   459   150   323   395   236   432   305   1277    1277
  24 (1734)    149   348   168   262   770   778   740   853   2034    2034
  25 (1748)    616   643   663   655   864  1336   764  1271   3406    3406
  26 (1740)    547  1194   592   935  2194  1887  1569  1566   5242    5242
  27 (5031)    307   392   316   311  1641  1678  1411  1538   3797    3797
  28 (5018)   1107   945  1159   945    58     6     0     0   2110    2110
  29 (1747)    657   782   751   752   930  1006   978  1178   3517    3517
  30 (1741)    925  1022  1007   956  1539  1556  1554  1719   5139    5139
  31 (5019)   1012  1072   893  1085   198   351   185   206   2501    2501
  32 (5509)    181   345   178   383   984  1085   988  1048   2596    2596
  33 (1742)    329   440     0     0  1321  1187  1610  1587   3237    3237
  34 (1745)    329   351   650   754  1129  1412   878  1079   3291    3291
  35 (1743)    328   756   171   342  1208   793  1145   987   2865    2865
  36 (1733)    571   968   660  1321   770   710  1087   763   3425    3425
  37 (5036)    227   378    48    11  1320  1362  1327  1557   3115    3115
  38 (5037)    107   213    65   186  1176  1212  1254  1275   2744    2744
  39 (1754)    973  1105   773   907   987   909  1125  1045   3912    3912
  40 (1755)    844   983   799   907   944  1107  1036  1230   3925    3925
  41 (1731)    762   587   662   739   849   572  1128   599   2949    2949
  42 (5073)    518   842   545   824   260   215    18    18   1620    1620
  43 (1721)    584   711   499   750   172   143   521   368   1874    1874
  44 (5078)    532   818   534   806   138   133    29    38   1514    1514
  45 (1715)    507   835   248   660   316   264   470   334   1817    1817
  46 (5553)     27    38   163   201   942   798   947   776   1946    1946
  47 (1763)   1281  1560  1018  1636   978   950  1174   807   4702    4702
  48 (1756)   1053  1591  1129  1758   802   880   975   962   4575    4575
  49 (1730)   1301  1944  1320  2140   882   877   980   798   5121    5121
  50 (5074)   1210  1888  1279  1836   361   280   217   257   3664    3664
  51 (1714)   1179  1638  1477  1802   591   410   213   166   3738    3738
  52 (1713)   1455  2015  1455  1978   261   140   299   215   3909    3909
  53 (1700)   1646  2122  1729  2144   260   209   120   130   4180    4180
  54 (6122)    230   631    61    72   523   229   232   328   1153    1153
  55 (6123)   1535  2000  1667  2351    34    37   477   261   4181    4181
  56 (6128)   1403  2055  1355  2052     0     0    53     8   3463    3463
  57 (6166)   1546  1991  1873  2239   100    97   217   293   4178    4178
  58 (1757)    625   863   793   817   960   611   756   621   3023    3023
  59 (1762)    704   861   637   774   979   538  1073   652   3109    3109
  60 (5099)    498  1265   491  1071   759   693   664   785   3113    3113
  61 (1761)    523  1055   746  1298   825   384   977   516   3162    3162
  62 (1758)    694  1465   909  1557   772   411   816   578   3601    3601
  63 (1729)    796   981   626   880   781   638   830   618   3075    3075
  64 (1765)    681   532  1025  1101   779  1155   450   601   3162    3162
  65 (1722)   1373  2006  1330  1954    27    20   191   193   3547    3547
  66 (7075)    923  1474   871  1321   254   222    32   101   2599    2599
  67 (6131)    728  1176   756  1135   202   133    10    10   2075    2075
  68 (1753)    486   340   567   392  1400  1395  1439  1463   3741    3741
  69 (5003)   1178   816  1205   790   120   457   246   636   2724    2724
  70 (5551)    923  1392   828  1181   334   243    44    69   2507    2507
  71 (1719)    625  1460  1097  1486   194   151   571   974   3279    3279
  72 (2642)    477   851   658   760  1518   860  1294   908   3663    3663
  73 (1732)    896  1028   988  1100     7    38   600   651   2654    2654
  74 (1769)   1253  1016  1233  1219   672   797   207   109   3253    3253
  75 (5057)    124   242   185   416   467   213   603   236   1243    1243
  76 (1637)    178   400   274   550   479   231   606   304   1511    1511
  77 (5066)    132    85   439   174   552   423   267   356   1214    1214
  78 (1768)    751   491   870   972   393  1013   630   888   3004    3004
  79 (5058)   1428   820  1591   959   588   938   149   523   3498    3498
  80 (5065)    470   189     0     0   439   607   527   414   1323    1323
  81 (1764)   1641  1955  1109  1763   993   974   942   583   4980    4980
  82 (1698)    893   984   854  1044   412   525    68    82   2431    2431
  83 (5075)    523   755   420   678   158    70   293   179   1538    1538
  84 (1724)    434   623   336   448   248   169   377   375   1505    1505
  85 (6054)    914  1356  1093  1480   133   174   190   286   2813    2813
  86 (1770)    631  1055   640   869   399   663   653  1112   3011    3011
  87 (1728)    450   454   316   415   373   248   673   453   1691    1691
  88 (1766)    895   794   377   325  1185  1229   833   828   3233    3233
  89 (1718)    618  1344   528  1113   549   408     0     0   2280    2280
  90 (6124)     75   256     0     0   315   325   354   545    935     935
  91 (1776)     71   700     0     0   872   157   430   344   1287    1287
  92 (5101)    166   164   142   391   666   273   814   170   1393    1393
  93 (6156)    452   337   346   218     0     0   158   171    841     841
  94 (1737)    155   115    82    82   270   482   217   389    896     896
  95 (5507)    337   327   308   333     0     0    44     9    679     679
  96 ( 980)    547   544   328   484   170   317    12     0   1201    1201
  97 (5080)    328   539   368   596   159    99   191   114   1197    1197
  98 (5104)    727  2243   590  1923   533   350     0     0   3183    3183
  99 (5895)      0     0   213   414   405   547   656   597   1416    1416
 100 (2540)     92    63     7    16   241   242   215   178    527     527
 101 (5331)   1105  1458   920  1988   659  1192   819   637   4389    4389
 102 (5087)    162   645   282   606  1070   554   696   339   2177    2177
 103 (6165)    122    77   151    76   245   494   215   494    937     937
 104 (6125)     98   188     0     0   535   456   530   541   1174    1174
 105 (5083)   1286  1536  1629  1441   374   571     0   635   3736    3736
 106 (2900)      0     0   144   335   509  1105   646  1051   1895    1895
 107 (5033)    503   886   517   814   423    82   332    77   1817    1817
 108 (5109)   1332  2601  1332  2784    40   214    63    54   4210    4210
 109 (7067)     88   202    78   196     0     0    33    29    313     313
 110 (7102)     67    22     2     6   221   302   251   283    577     577
 111 (1726)    254   408   203   438     0     0   221   140    832     832
 112 (5583)     36    83    33    67   184   188   149   166    453     453
 113 (5503)    121   594   216   615     0     0    76   150    886     886
 114 (1767)      2     0   671   435   907   831   564   722   2066    2066
 115 (5596)    674   117     0     0   153   778    48   116    943     943
 116 (6210)    834   249     0     0   604  1197   886   894   2332    2332
 117 (5510)      0     0   319   257   591   871   542   884   1732    1732
 118 (5067)   1427   602  1232   449   260   302     0     0   2136    2136
 119 (5004)     44    22   103    94    92   265   145   305    535     535
 120 (1725)    233   563   369   919     0     0   410   190   1342    1342
 121 (1751)    973   716   927   748    78   156     0     0   1799    1799
 122 (5110)   1154  2314  1241  2389     2     3    79    92   3637    3637
 123 (5059)    770   293   547   439   134   508     7    12   1355    1355
 124 (5030)    235   392   315   298   261   100    19    32    826     826
 125 (5439)      0     0   107    83  1441   743  1363   689   2213    2213
 126 (5026)    403   641   392   631    33    34     0     0   1067    1067
 127 (5501)    365  1154   330  1266    57   208     2     6   1694    1694
 128 (5032)    652   898   499   879   331   165   468   168   2030    2030
 129 (5096)    318   474   263   364   323   425   369   526   1531    1531
 130 (5012)    429   267   397   324   293   407    38    63   1109    1109
 131 (5086)    993  1395   945  1722   325   638    92    30   3070    3070
 132 (2901)   1000  1306   994  1405   135   240     0     0   2540    2540
 133 (1692)    512  1495   285   562   860   260   334   440   2374    2374
 134 (1720)      0     0   982  1176   708   396  1598  1092   2976    2976
 135 (5107)    980  1488  1024  1515    13    30    52    86   2594    2594
 136 (5604)   1243   913  1285   890     7     5    39   102   2242    2242
 137 (5016)   1259   827  1259   805    20    11    22    35   2119    2119
 138 (5053)    818   445   610   464   587   134   843   163   2032    2032
 139 (5506)    890  1086   841  1185     0     0   591   443   2518    2518
 140 (2904)     79    82    36    19   730   462   734   486   1314    1314
 141 (5010)    388   565   264   456   194   207    57    55   1093    1093
 142 (5424)    436   443   444   461    47    61    23    27    971     971
 143 (5894)    595  1847   506  1686     0     0   218   290   2571    2571
 144 (5463)     42    38    92    87   175   212   158   196    500     500
 145 (5426)    259   310     0     0   535   563   259   338   1132    1132
 146 (5326)    311   805    29    53   412   297   348   703   1479    1479
 147 (5456)     69    52     0     0   635   599   630   577   1281    1281
 148 (5466)    188   151   106    53   171   155     0     0    412     412
 149 (5448)   1080  1200  1118  1189     0     0    42    91   2360    2360
 150 (5457)     43    63    42    81   606   899   594   868   1598    1598
 151 (5443)     41   146    67    65   264   282   205   330    700     700
 152 (5436)    123   122    83   104   590   829   521   738   1555    1555
 153 (3387)     15   115   316    62   629   425   291   441   1147    1147
 154 (5023)    274   287   315   387   493   401   638   487   1641    1641
 155 (5458)     21    59    20    27   777   819   728   801   1626    1626
 156 (5444)      1     0    88    55   253   280   217   276    585     585
 157 (5028)    113   287     8    19   873   730   769   789   1794    1794
 158 (5029)    213   588   201   285   621   153   383   206   1325    1325
 159 (5641)    149   493   208   325  1254   716  1076   765   2493    2493
 160 (5395)    213   183   226   397    26    52   221    46    682     682
 161 (5394)    254   188   250   187    14    17     0     0    455     455
 162 (5401)      1     0   194   150   860  1237   771  1191   2202    2202
 163 (5446)     88   128     0     0   330    80   332   122    540     540
 164 (5708)      0     0     0     0     0     0     0     0      0       0
 165 (5505)    858  1286   889  1398    12     0   381   288   2556    2556
 166 (5398)     87    13    72    16     0     0    54    36    139     139
 167 (5396)      0     0     8    20    37    36    42    29     86      86
 168 (5441)    757   961   743   967     6    19    13     6   1736    1736
 169 (5076)    383   553   336   519    28    15    93    67    997     997
 170 (5391)    601   606   549   746    47   250    17    28   1422    1422
 171 (5088)    309   335     0     0   852   410   948   532   1693    1693
 172 (2539)    298   509   182   418    27    20   191   159    902     902
 173 (1712)    314   428   330   493   196   198   184   137   1140    1140
 174 (5595)   1074  1700   582  1435   337   251   807   494   3340    3340
 175 (6252)     79   190    60   156  1137  1365  1126  1369   2741    2741
 176 (6253)     44    66     0     0  1222   714  1240   754   2020    2020
 177 (5599)    155   272     0     2   192   205   258   386    735     735
 178 (5035)     87   202     0     0  1349   849  1318   933   2369    2369
 179 (5024)    621   496   605   577     0     0    97     0   1198    1198
 180 (7077)    790  1041   714  1160    48   105   175    37   2035    2035
 181 (5046)    259   486   396   762   197   336     0     0   1218    1218
 182 (5562)     48   105   175    37  1160   714  1041   790   2035    2035
 183 (5397)      5     9    88    14   433   111   367   123    575     575
 184 (5555)    621  1786   592  1847    57   179    21    53   2578    2578
 185 (6032)     43    67   206   113  1307   919  1203   932   2395    2395
 186 (3109)    631   733   647   707     0     0    55    97   1435    1435
 187 (5085)      0     0    85    20   541   526   514   564   1125    1125
 188 (6006)   1098  1542   943  1868     0   729   270   518   3484    3484
 189 (5803)    110   350     0     0   593   612   694   953   1656    1656
 190 (6200)    174   119   235   169   332   145   370   194    869     869
 191 (3025)      0     0     0     0     0     0     0     0      0       0
 192 (5000)    643    66   280    79   123   661   137   299   1144    1144
 193 (6094)    126   286    58   117   176    75     0     0    419     419
 194 (5048)    112    67     0     0   232   106   322   151    495     495
 195 (2321)   1153  1018   995  1260    70   525    73   128   2611    2611
 196 (5801)      0     0     0     0     0     0     0     0      0       0
 197 (5049)      0     0    83    87   638   283   712   353   1078    1078
 198 (5050)    384   511   339   779    94    54   446    93   1350    1350
 199 (5899)      0     0    23    22   614   198   631   216    852     852
 200 (5618)      0     0     0     0     0     0     0     0      0       0
 201 (6073)      0     0     0     0     0     0     0     0      0       0
 202 (1693)    681  1544   647  1685   563   734     6     2   2931    2931
 203 (1694)    835  1752     0     0  2338   953  1481  1013   4186    4186
 204 (5084)   1959  1365  1439  1873   681   925   784     0   4513    4513
 205 (1699)    200   486   149   430    75    70     0     0    705     705
 206 (6053)    202   168     0   153   139   330    32    36    530     530
 207 (6052)    133   133   136   178    74   126    22    32    417     417
 208 (5100)      0     0   116   119   186   183   141   135    440     440
 209 (5051)     70    56     1     2   585   323   588   311    968     968
 210 (1727)      0     0    53    76   391   191   448   225    692     692
 211 (5090)    480   710   327   673    51    78   219   130   1334    1334
 212 (5077)    155   302     0     0   230   115   188   220    605     605
 213 (2538)     19     9     0     0   154   115   153   104    277     277
 214 (3108)    237   521   328   451   262   101     0     0    950     950
 215 (5007)    249    92   266   101    26    17    36    35    411     411
 216 (5002)      4     5   133   121   251   707   210   679   1055    1055
 217 (7066)     32    48    23    44    31    25    39    28    135     135
 218 (1683)    314   635   249   501   217   182    50    84   1116    1116
 219 (5286)    781     0   251     0   579   961   822   674   2034    2034
 220 (6110)    790     0   465     0  1535  1371  1181   692   3017    3017
 221 (6114)      0  1302     0   829  1537   752   583   271   2637    2637
 222 (6065)   1391  1922   848  1632   188   549   553   661   3872    3872
 223 (6109)      0     0   227   551  1381  1264  1650  1209   3141    3141
 224 (5652)      0   181     0   528   986   569  1334   570   2084    2084
 225 (5653)    772     0   555     0   736   483  1198   728   2236    2236
 226 (5277)      0   532     0   492   897   709   762   614   2003    2003
 227 (2902)    987  1619  1165  1955   866   266   758     0   3808    3808
 228 (1690)    410  1606   515   870  1323   253   347   118   2721    2721
 229 (6092)    233   467   167   389     0     0   126   138    760     760
 230 (1684)      0     0     0     0     0     0     0     0      0       0
 231 (5056)    629   494   701   377   331   142     0     0   1337    1337
 232 (6096)    125    88     0     0   600   270   671   304   1029    1029
 233 (5091)      0     0   629   473  1294  1005  1320  1187   2954    2954
 234 (5393)    488   724   563   997   300   372   558   432   2217    2217
 235 (6201)    286   241   261   245   427   155   559   258   1216    1216
 236 (5015)    195   129   198   131     3     3     7     8    337     337
 237 (1759)    270   684   280   722     0     0    97    69   1061    1061
 238 (1682)    674  1348   540  1336   283   373   465   433   2726    2726
 239 (5098)   1013   657  1337   826   653  1252   948  1702   4194    4194
 240 (5079)    100   156   104   129   105    74     0     0    334     334
 241 (1711)    411  1072   440  1116     0     0    79    64   1591    1591
 242 (5610)    148   219     0     0   384   584   353   624   1156    1156
 243 (5602)    109   232   104   220    28    21     0     0    357     357
 244 (5897)    108   169     0     0   526   288   508   331    965     965
 245 (6104)    373   365     0     0   397   254   384   233   1003    1003
 246 (1702)    328   650   352   691     0     0    65    48   1067    1067
 247 (6121)     30    23     0     0    24    21    34    24     78      78
 248 (6078)    283   488   216   424    81    84     0     0    788     788
 249 (2214)   1575  1086  1106   768   712   870     9    16   3071    3071
 250 (5383)      0   210     0   351   871   775  1069   832   2054    2054
 251 (5387)    381     0   342     0   732   687   803   719   1832    1832
 252 (5038)      0     0   246   141  1120  1046  1095  1126   2387    2387
 253 (6221)    795   745   840   631     0   234     0   393   1819    1819
 254 (5592)    490   946   791   748   795   303    39    46   2079    2079
 255 (5229)    442    79  1158   271   521    73   626   702   1936    1936
 256 (6040)      0     0   146   107   109   189   146   265    481     481
 257 (1691)      6     4    89   295   274   135   515   168    743     743
 258 (3158)      0     0     0     0     0     0     0     0      0       0
 259 (3128)      0     0     0     0     0     0     0     0      0       0
 260 (6220)    247     0     0     0   701   355   939   346   1294    1294
 261 (7209)    450   999   343   837     0     0   166   221   1508    1508
 262 (7766)   2187  1149  1221  1024     0     0  1346   505   3716    3716
 263 (6016)    751  1150   607  1413    70   388   169    80   2314    2314
 264 (6132)    937   922   644  1206   245   530   655   363   2751    2751
 265 (5061)   1576   862  1825   884   443   353   489   626   3529    3529
 266 (6170)    148   278   140   120  1097  1052  1028  1133   2498    2498
 267 (6018)    316   729   172   356  1099   657  1158   945   2716    2716
 268 (5539)   1235  1557  1190  1448   137   116   215   258   3078    3078
 269 (5516)    242   192   173   207    62   146     0     0    511     511
 270 (6039)    865   965   760   890     0     0   235   205   1960    1960
 271 (7051)      0     0     0     0     0     0     0     0      0       0
 272 (5573)    185   437     0     0   534   426   392   536   1255    1255
 273 (7203)    292   586   253   519     0     0   158   186    997     997
 274 (7204)      0     0   218   266   490   767   387   616   1372    1372
 275 (2215)   1629  1075  1272  1136     0     0   514    96   2861    2861
 276 (1760)   1060   947   784   409   570   308     0     0   2039    2039
 277 (7078)   1547   722  1005   771   220   678   351   218   2756    2756
 278 (7052)    295   428   244   334   205   162     0     0    834     834
 279 (5247)   1467  1441  1803  2106   782   446   665     0   4355    4355
 280 (5578)      0    10   489   410   467   318   578   518   1395    1395
 281 (1140)    275   575   299   643   144   193     6    11   1073    1073
 282 (1141)    683  1625   722  1617    45    32   188   222   2567    2567
 283 (6062)      0     0     0     0     0     0     0     0      0       0
 284 (6068)    299   618     0     0  1181   900  1356  1394   2874    2874
 285 (6064)   1425  1980  1330  1988   114   245   140   168   3695    3695
 286 (5611)    798     0     0     0   509   686   923   302   1609    1609
 287 (7669)   2004   779  2004   779     0     0     0     0   2783    2783
 288 (6169)      0     0     0     0  1368   911  1368   911   2279    2279
 289 (5517)     89    61     0     0  1167  1171  1168  1144   2400    2400
 290 (6035)    150   141     0     0   182   120   235   164    496     496
 291 (6056)      0     0   242    63   887   619   815   726   1676    1676
 292 (7888)      0     0     0     0     0     0     0     0      0       0
 293 (5900)      0     0     0     0     0     0     0     0      0       0
 294 (5508)      0     0     0     0     0     0     0     0      0       0
 295 (1121)      0     0     0     0     0     0     0     0      0       0
 296 (5043)    194   275   174   269     0     0    41    27    490     490
 297 (6215)      0   673     0   912     0     0   239     0    912     912
 298 (5499)    916  1407   634  1320   224   419     0     0   2460    2460
 299 (5092)    507   425   495   428    60    75     1     1    996     996
 300 (7671)   1270   969  1306   915   252   162     0     0   2437    2437
