Int |   NORTHBOUND      SOUTHBOUND      EASTBOUND       WESTBOUND   
 #  |  LT   TH   RT    LT   TH   RT    LT   TH   RT    LT   TH   RT    
---------------------------------------------------------------------
  1     15   28    4   662   23   71    12  237    8     7  159  201 
  2     33   35   24    11   89   48    29  363  220   108  460   31 
  3    206  477  405    64  281   87    38  250   22   204  372   45 
  4      0    0    0   108    0  465   343  606    0     0  686  157 
  5     77 1033  225   134  626  158   155  290  139   308  516  374 
  6    164 1197   91    82 1098  126   158  353  150   169  455  140 
  7    301  981  203   252  895   93   179  557   81   786  599  335 
  8    300 1028  149   445  909   71    29  378  168   386  468  218 
  9    280  701  221   183 1089   66    53  315  221   354  314  356 
 10      0 1226   33    34 1649    0    10    0    0    37    0   54 
 11     50 1319    1     5 1548    7    94    5  421     3    0   10 
 12      4 1255    0     0 1883    3    83    0    6     0    0    0 
 13     78   37   49   300  275   40    18 1834   60   167 1234   50 
 14      0    0    0   857    0   31    70 1821    0     0 1298  198 
 15     92    0  514     0    0    0     0  682   69   397 1246    0 
 16    320  748  595   160  983  152   202 1118  343   348 1579  107 
 17    176  541  281   248  928  255   108  724  487   279  830  208 
 18      9  303  304   349  868  248   279  311  220   204  417  151 
 19      0    2    4  1031    2  216   320  510    2     6  979  347 
 20    183   96  207    66   21   65    49 1073   46   183 1366  268 
 21    222  316  164   177  364   99   146 2123  182   276 1820  179 
 22     55  186  329   207  439  284   145 1115  113   127 1133   76 
 23     38  210   12   191  227  118   242  792   10   166  578   29 
 24     69   84   61   163    0  253    18 1242  330   305  936  127 
 25    172  302  260   183  443  101   208 1195   91   371 1570  222 
 26    144  697  261   595  889   35     0 1958  413   123 2193  241 
 27    255  653  439   180  351   95    35 2014  168   190 2078  244 
 28      0 1676   61     0 1416    0     0    0    0     0    0    9 
 29    182  333  450   204  518  222   243 1281  230   786 1603  142 
 30     43  993  447   158  855  825   274 1215  252   291 1292  381 
 31      2 1160  164    86 1486  138    67  120    1   127  137  255 
 32    137  358   17   157  381  139   153  596  117   376  716  103 
 33      0    0    0     0    0 1107   779 1126    0     0  950  174 
 34    125  509  538   123  727  152     0  495  179   591  573  133 
 35     23  319  117   253  557  516   173 1140   51   127  935  133 
 36    305  494  118   173 1288   97   137  923  626   122  901   15 
 37     23   14   10    99    0  228   157 1222    8     3 1265   40 
 38     11   91   89    36  133  150    36 1151   78   223 1091   39 
 39     85  310  214   203  564  776   613 1148  202   245 1069  129 
 40     89  536  137   160  718  209   107 1011   22   230 1230  103 
 41    272  419   82   163  469  149   305  900  540    49  667  105 
 42      4  495  142   202  932   11     8    2    8   119    3  112 
 43    250  359   27    87  578  279   221  175  362    16  229   58 
 44     21  536   86    58  926   11     7    7   15   150    7   99 
 45     41  243   36    84  812  224   316  229   53    89  267   56 
 46     76    1   86    26    2   10    11 1099  107    92  986   15 
 47     64  976   89   116 1453  224   685  944  122   421 1033   75 
 48    178  865  135    42 1569  373   220  824  270   244  850  114 
 49    224 1072  138   178 2007  177   244  730  274   342  694  169 
 50     79 1199  121   244 2001  113    49  139   40   101  103   97 
 51     33 1252  430    67 1943   41    40  184    9   354  121   66 
 52     32 1488   23    93 2209  219   144  159   28    22  111   60 
 53     78 1638   89    84 2276   27    22  112   56    71   58  107 
 54      3   28   31   630   55  199    80    8    1    16   38  207 
 55    288 1604   34     0 2288    6     2    0  630    36    0    1 
 56      0 1651    0     0 2653    8    53    0    7     0    0    0 
 57    192 1820   80    20 2568    9     0    0   35    61    9   27 
 58      0  484  508     1  866  298   284  644    9   295  769   49 
 59      0  486  252     0 1013  426   548 1216   24   114  560   17 
 60      8  370  171   194  914  582   266  667  208   285  659   56 
 61    333  464  122   190 1155   46    54  752  661    63  290   62 
 62    477  680  150   371 1518   88    99  352  520   156  412  119 
 63     72  460  212   224  711  344   259  566  127   273  509  128 
 64    118  495  436    92  366   69   128  403  142   971  583   94 
 65    192 1305    8    12 2213  163   176    7  154     6    3   11 
 66     27 1142   18   233 1812   68    22    4    7    59    5  158 
 67      7  729   69   132 1353    3     1    1    5    75    0   58 
 68    285  398  197    54  204  151   176 1296  201   176 1196   96 
 69    179 1208   46    41  805  120   132   54   44    89  338  177 
 70      0  958    0   332 1497   69    47    0    0     0    0  233 
 71    582  787   48   200 1372  556    53   46  321   275  146   48 
 72     41  497  590   264 1213   34    50 1885  164     0 1284  223 
 73    463  855    3     2  934  454   258    1  767     4   22   12 
 74     12  968  285   282  879   21    45   97  117   443   73  420 
 75     80  127   60    13  267   23    42  396  387    53  160   25 
 76    102  125   18   149  576   43    39  410  137    21  221   22 
 77    124  182  351    24   45   21    36  281   75   123  317  126 
 78    510  449  148   285  541   32   101  167  343   195  485  611 
 79    410 1188  447   129 1189   47    57  158  170   181  333  331 
 80      0    0    0   274    0  106   203  431    0     0  450  326 
 81    232  983  261   401 1428  163   366  772  102   404  536  261 
 82      9  632  296   203 1127   10    14   35    5   334   17  411 
 83     52  455   26    49  830  127   156  128   78    12   36   20 
 84     46  365   32    53  498  315   149  213   84    21  138   28 
 85    257  958   49    31 1492  262    30   26  429    82   12   19 
 86    536  208    6   170  556  461   369  289  217   143  496  154 
 87    214  202   52    32  403  196   231  351  326    38  208   15 
 88    284  940  104   708 1035  101   198  746  103    44  656  843 
 89      0  410  176  1345  719    0     0    0    0   199    0  414 
 90      0    0    0    31    0  327   107  311    0     0  348    8 
 91      0    0    0   554    0  213    45  414    0     0  163   53 
 92     54   40  177   195  113   91    81  511  317    56   83   91 
 93     32  394    0     0  151   59   139    0   27     0    0    0 
 94      4   66   17    48   74   11    17  152    8    15  463  174 
 95      6 1139    0     0 1083    3    34    0   10     0    0    0 
 96      0  467    0   214  774    0     4    5    3    97    0  442 
 97     57  388   36    30  621   29    16  101   96    30   51   31 
 98      0  424  215   406 1791    0     0    0    0   263    0  273 
 99    146    0   60     0    0    0     0  439  318   225  470    0 
100      2    0    5    65    1   12     8  114    4    11  166   89 
101    227  412  451   147 1526  115   147  298  447   565  450  619 
102    147  109  122   480  291   39   105  550  432   133  360  204 
103     76   26   49    40   14   23    17  102   38    28  531   79 
104      0    0    0   164    0  339    74  591    0     0  379   95 
105    403 1264  190   197 1622  242     0    0    0   265  199  193 
106    166    0   31     0    0    0     0  327  475   215 1200    0 
107    148  600  104   218 1159   67   108  573  288    55  738   50 
108     15 1460   19    20 3033    4    17    1    9   181    1   32 
109      6   80    0     0  497    0     0    0    0     0    0    0 
110      1    0    1    11    0   11    38  336    4     2  378   29 
111     48  200    0     0  415  103   156    0  133     0    0    0 
112      3   12   18    33   40   10     9  155    7    20  183   15 
113    122  221    0     0  817   28    53    0   22     0    0    0 
114    254    1  559     0    0    0     0  627  185   325  774    1 
115      0    0    0   316    0   20     5   99    0     0  257  802 
116      0    0    0   311    0  199   439  728    0     0  909  676 
117    369    0  144     0    0    0     0  625  283   111  949    0 
118      0 1575   93   283  753    0     0    0    0    62    0  241 
119    366   36    0    22    0    0     1  414    4   142  353    7 
120    211  242    0     0  697   23    32    0  489     0    0    0 
121      0  926   45    33 1121    0     0    0    0    64    0   92 
122     93 1297    2     0 2921    3    11    0  511     0    0    3 
123      4  408  157   224  272    1     2    3    3   157    7  615 
124      1  619  104   332  775    2     0   19    0   304   29  447 
125      1    0  106     0    0    0     0 2147   27    56 1138    0 
126      0  611   12    21  936    0     0    0    0    11    0   23 
127      3  200   32    25  903    3     1    0    1   139    0   69 
128    166  671    9   152 1067  236   162  418  414    27  279  159 
129     36  353  139    21  416  336   172  229   60   205  299   44 
130      8  382  180   114  148    5    13   22    3   209   49  294 
131     15 1085  226   225 1747    9    62    9   21   416    6  256 
132      0  983  102    33 1704    0     0    0    0   131    0  109 
133     48  188   23   885  553  428   139  173  114    12   99  149 
134    975    0  163     0    0    0     0  780 1300   351  436    0 
135     53 1248    3    10 2111    4     5    1   32     6   12   13 
136     61 1709    0     5 1044   41    15    2   23     2    0    3 
137      0 1480    4    16  916   36     0    0   11     0    0   11 
138    112  422  142    77  398   99   553  489  111    45   99   20 
139    300  652    0     0 1175  271   641    0  284     0  228    0 
140     25    0   13    61    1   25    24  938   16     2  636   55 
141     15  291   61   150  794   13     6   11   41    24   28  233 
142     15  415   25    21  507   10     5    1   17    32    2   28 
143    108  491    0     0 1661  340   154    0  103     0    0    0 
144     52   20   33    16   16   12     9  116   50    65  209   13 
145      0    0    0   435    0   25     8  298    0     0  532  370 
146     11   14    4   284   25  713   142  176   22     6  121  111 
147      0    0    0    20    0   32    15  485    0     0  635   54 
148      0   58   48   123   28    0     0    0    0    25    0  150 
149     42 1443    0     0 1542  137     0    0   42     0    0    0 
150     12    2   29    17    3   42    11  747   22    56 1076   30 
151     12    3   52   189   32  217    33  291   16    16  352   52 
152      7    2  138   105   17   20     1 1121   25   372 1112  106 
153     30    1  285    78    1   36    11 1145   15    46  583    3 
154     34  532  236    55  398   77    59  786   92   201  713   79 
155      9    0   11   110    4   71     7 1473   10    13 1194   16 
156     68    1   60     0    0    0     0  796  113   109  632    0 
157      0    0    8   277    2  207    63 1183   16     1 1153  105 
158     34  184   39   393  360  207   167  824   63    96  479  102 
159     13  261  126   360  557  342   286 1581   63    44 1092   31 
160     35  754   18    14  388   11    16    1  204    35    0   17 
161      0  377  147    12  305    0     0    0    0   128    0   51 
162    125    0  238     0    0    0     1 1351   56   220 1587    0 
163      0    0    0    59    0   69    60  907    0     0  606   28 
164     81    0  121     6    0  420   171  657   43    90 1102    0 
165    613  945    2     0 1754  455   327   10  324     0    0    0 
166     31   41    0     0    8    5    54    0    8     0    0    0 
167      3    0    1     0    0    0     0  166   16    11  184    0 
168      3 1075    4     2 1515    2     5    0    8     2    1   16 
169      8  453    8    12  795   69    67    9   36     5    3    7 
170     59  514   45     2  765   88    49    0   95    72   28  150 
171      0    0    0   212    0  240   290  748    0     0  386  183 
172      4  215   21    66  581  165   189   54    9     2    5   13 
173     18  351   68    35  489   47    46  119   29   121   91   13 
174     96  370   80   156 1534  545   601  111  138   134   72   50 
175     21  129   46   140  379   27    11 1253   27   137 1495   50 
176      0    0    0   335    0  159     0 1530    0     0 1012  181 
177      0    0    0    27    0  723   447  434    1     1  329   22 
178      0    0    0   139    0  303   199 1441    0     0 1156   26 
179      0 1527    0     0 1410    0     1    0  376     0    0    0 
180     38  989  101    70 1636   11    48    3  126   321    2   42 
181      0  194  337    90  459    0     0    0    0   343    0   94 
182     84    1   90    76    1   29    30 1273   17    19  749   17 
183     27    0   70    12    0    3     2 1296    4     9  622    1 
184     32  900   53    14 2211   21     3    0   18   288    0  102 
185     82    7  681    47    7   12    23 1311  101   739  992   13 
186    276  386    0     0  475  913   709    0  201     0    0    0 
187     41    0   44     0    0    0     0  923   17     3  810    0 
188     41  751    0     0 1258  553   274    0  120   693  222  101 
189      0    0    0     0    0  575   254  795    0     0  853   24 
190     10  274  149     5  150   78    47  926   29    43  612  145 
191    817  296    0     0    9 1003   933    0 1319     0    0    0 
192     72  417   22    17   63   18    32   26    7    27  264  507 
193      0   41    5   190  174    0     0    0    0     1    0   60 
194      0    0    0    12    0   56   105  224    0     0   99   10 
195     71  815   51   588 1064   52    29    2   42   286    4  717 
196      0    0    0   190    0   31    39  267    0     0  391   41 
197     77    0    8     0    0    0     0  768   87     6  322    0 
198     67  307    9    27  483   17    80   59  365     4   32   18 
199     14    0    3     0    0    0     0  852    2     0  194    0 
200     66    0   11     0    0    0     0  507  252   282  490    0 
201      0    0    0     0    0  479    48  198    0     0    0    0 
202      2  573  341   353 1414    0     0    2    4   693    0  272 
203      0    0    0  1632    0  556   600  660    0     0  425  502 
204      0 1348  406   193 1619    0   218  146  478   345    0  622 
205      0  195   39   108  657    0     0    0    0    27    0   76 
206      0    0    0   411   45    3     1   25    6   356   33  183 
207     10  122    7    50  443   11     4    3   16    44   11   27 
208     36    0  133     0    0    0     0   85   60   362  110    0 
209      0    0    1    19    0   19    52  675    1     1  381   41 
210     53    0   12     0    0    0     0  389   85    17  180    0 
211     20  519   10    38 1153  261   415    3   83     3    7   69 
212      0    0    0   319    0  150   113   85    0     0   79   98 
213      0    0    0   116    0    7     1  312    0     0  153   18 
214      0  291  139   123  509    0     0    0    0    53    0   48 
215     22  416   13     4   94    9    10    4   20     4    6    5 
216    227    0  132     2    3    0     3   99   54    45  660    1 
217      4   15    2    32  132   14     5    6   28     8   11   14 
218     20  277  152   147  384   38    33    4   23    58    3   57 
219    329    0  144     0    0    0   369  592    0     0  891  434 
220    102    0  723     0    0    0    60  682    0     0  841  734 
221      0    0    0   539    0   71     0  559  252   671  332    0 
222    111 1017   73   192 1843  528   467   72   37   223   92  234 
223    233    0   72     0    0    0     0 1247  492   258 1180    0 
224      0    0    0   205    0  411     0 1742  765   206  728    0 
225    606    0  234     0    0    0  1285  672    0     0  504  335 
226      0    0    0   263    0  300     0  677  111   783  497    0 
227      0  786  327   270 1760    0     0  251  450   278    0  258 
228     22  209  344   757  754   60    76  480   39    49   38   34 
229     51  278    0     0  354   78   154    0   26     0    0    0 
230     57  185    0     0  841   23    47    0  184     0    0    0 
231      0  610  251   233  347    0     0    0    0    84    0   87 
232      0    0    0    45    0  285   131  628    0     0  256    3 
233    389    0  543     0    0    0     0 1015  111   779  735    0 
234    106  578  288    91  740  121    76 1109  370   198  707   31 
235    231  432  170     9  328  169    70 1189   45   102  535   71 
236     23  366    0     3  107    9     1    0    2     2    0    1 
237     44  286    0     0  796   25    29    0   56     0    0    0 
238    258  426    4     5 1338   83   294   15   94    99   49   49 
239    757  721  102   212  452  212   112  664  247    91 1114  445 
240      0   90   49    74  356    0     0    0    0    62    0   64 
241     55  465    0     0 1293   63    31    0   65     0    0    0 
242      0    0    0   169    0  108    61  337    0     0  456  103 
243      0   96   12    23  249    0     0    0    0    17    0   10 
244      0    0    0   107    0  106    74  506    0     0  214   39 
245      0    0    0   261    0  203   172  228    0     0  353  235 
246     43  343    0     0  755    5    21    0  237     0    0    0 
247      0    0    0     0    0   13    30   24    0     0   11    0 
248      0  191   20   182  426    0     0    0    0    13    0   67 
249      8 1382  166   746  867    4     4    0    5   219    5  686 
250      0    0    0    94    0  306     0 1074  368    40  757    0 
251    155    0  306     0    0    0   359  698    0     0  621  104 
252    177    0  120     0    0    0     0 1227   90    50 1140    0 
253     88  777    0     0  639  222     0    0    0    12    0  154 
254     43  329  555   622  635    1     1    3   35   200    1  194 
255    677  440  387    50  171   62   180  391  316    72   27   11 
256    112    0   54     0    0    0     0  180  196    71  254    0 
257     53    0   32     1    0    3     2  490  266    24  110    4 
258      0    0    0    76    0  135     0 2004    0     0 1036    0 
259      0    0    0     0    0    0  1208  870    0     0 1036  567 
260      0    0    0     0    0    0   482  714    0     0  216    2 
261      0  484    0     0  946  183    38    0    0     0    0    0 
262    475 1269    0     0 1154  243  1582    0  115     0    0    0 
263     42  732   42    28 1547   16    95    1  108   182   21  190 
264    123  609  179    46  991  156   268  315  145   491  373   91 
265    530 1818  240    74  908   63    80  353  257   137  312   97 
266    109    8   24   157    8  113    45  925   66    46 1052   95 
267     32  432   75   505  547  228    56 1157   59    83  883  318 
268    139 1440   49    74 1525  111   115   16   86    70    6   45 
269      0    0  222   370    0    0     0    0    0   201    0  333 
270     88  555    0     0  929  112   144    0   65     0    0    0 
271      0  713    0     0 1032    0     0    0    0     0    0    0 
272      0    0    0   416    0  218   208  228    0     0  457  156 
273     49  125    0     0  595  139    86    0  116     0    0    0 
274     66    0  145     0    0    0     0  389  120   204  525    0 
275     25 1472    0     0 1220  106   692    0  137     0    0    0 
276      0  946   17   629  515    0     0    0    0    18    0  336 
277     13  847  103   285  378   49   170  166   28   598  155  779 
278      0  397   37   142  544    0     0    0    0    18    0  114 
279      0 1021  782     0 1587    0     0    0  368     0    0  446 
280    432    0  242     0    0    6     0  367  342   193  313    0 
281      3  225  181    78  586    6     3    0    3   354    1   43 
282    172  717    7    35 1554  134    37    3  269    12    8   12 
283      0    0  338     0    0    0     0    0    0   643    0    0 
284      0    0    0    30    0  697   369  923    0     0  840   30 
285     51 1582   56    56 2440  102    96    9   28   161   12   61 
286      0    0    0     0    0    0   443  502    0     0  572  292 
287      0 2839    0     0 1281    0     0    0    0     0    0    0 
288      0    0    0     0    0    0     0 1599    0     0 1168    0 
289      0    0    0    29    0   32    31 1370    0     0 1319   58 
290      0    0    0     0    0  776   667  138    0     0  197   16 
291     91    0  143     0    0    0     0  822   31    32  680    0 
292   1030    0    0     0    0    0     0 1149  868     0 1654    0 
293      0  401  108     0  152  483   295  872    0    48 1171    0 
294      0  683   60    95  500  439   150 1320    0   361  968  209 
295      0  685    0     0  414    0   123    0    0     0    0    0 
296     20  207   34    59  355  170   238    5   17    10    5   36 
297      0    0    0     0  692    0     0    0  186     0    0    0 
298      0  819   64   171 1963    0     0    0    0   101    0  305 
299      0  646  248    17  281    0     0    0    0   172    0   28 
300      0 1699  134   118 1093    0     0    0    0    73    0   88 
