


xxxx -> xxFN -> FLFN
                  2019_MP6R11_Run10_2pm_12Base_10/27/13

---------------------------------------------------------------------
Int |	NORTHBOUND	SOUTHBOUND	EASTBOUND	WESTBOUND 
 #  |  LT   TH    RT   LT   TH   RT    LT   TH   RT    LT   TH   RT
---------------------------------------------------------------------
  1 |   10   25    8   297   19   26    11  248   10     6  161  104 
  2 |   15   25   52    37   39    6     7  468   25    45  406   33 
  3 |  117  240  170    27  212   72    10  230   58   145  276   60 
  4 |    0    0    0   128    0  210    83  579    0     0  576   87 
  5 |   52  695   96   181  647  135    83  128   46   195  301  292 
  6 |   68  748   90   113  894  103    83  199   71    60  227  199 
  7 |  240  529  121   151  608   53   189  449   96   405  397  251 
  8 |  245  725  126   214  757   56    12  274  161   210  327  205 
  9 |  163  784  146   122 1021   76    72  309  234   270  380  158 
 10 |    0  913   23    42 1332    3     0    0    0    23    0   54 
 11 |   32  977    2     8 1357   14    22    1   67     3    0    9 
 12 |    8  940    0     0 1357    7    67    0    2     0    0    0 
 13 |   51   25   79   201   69   20     5 1401   18   109  964   71 
 14 |    0    0    0  1023    0   78    72 1492    0     0 1085  246 
 15 |   75    0  203     0    0    0     0  485   46   276  846    0 
 16 |  140  170  452   204  360   93    78  952   92   279 1035   55 
 17 |   60   93   65   138  383  138    46  725   82    61  568   63 
 18 |   50  121   29    48  316   79    36  179   76    52  256   41 
 19 |    0    2    5   270    2  174    68  605    1     7  734  159 
 20 |   75   31  125    57   27   27    22  543   81   124 1000   49 
 21 |  156  175  260    50  160   30    43 1202  112   166 1157   49 
 22 |   75  166  205   230  405  169    83  832   45   134  608  130 
 23 |   20  144    9    11  370  121    87  274   41    13  165   38 
 24 |   57   47   39   255    0  188    61  622  162   113  667   61 
 25 |  120  214   58   129  492  171   153  430   90    63  763   81 
 26 |   34  164   86   418  478   48     0 1337  243   345 1690  391 
 27 |   57  318  271   189  201   37    19 1301  145   274 1273   52 
 28 |    0  977   59     0 1046    0     0    0    0     0    0    8 
 29 |   90  530  184    70  422  201   113  379  102   100  497   43 
 30 |  137  795   28   221  509  574   199  978  326    92 1393   33 
 31 |   47  821   55    57 1079   30    37   95   36   110  116  146 
 32 |   34  181  119    62  363   72    15  563   57   283  632   59 
 33 |    0    0    0     0    0    0     0 1558    0     0 1576    0 
 34 |   70   86  320    70  181   57    50  675  111   443 1056   65 
 35 |   18   89   26   155  221  252   191 1005    6    18  821   54 
 36 |  206  302  125   182  690   53   102  552  440   181  563   44 
 37 |   13    6    5   110    0  223   102 1057    4     1 1276   78 
 38 |    9   24   15    25   61  155    53 1090   93    48 1165   31 
 39 |  121  492  126   136  529  341   377  662  142   185  476  120 
 40 |  160  428  129   127  550  154   227  571  133   133  668   99 
 41 |  146  355   99   129  465   99   201  709  312   105  573  105 
 42 |    8  438  103   123  678   10     7    4    6    95    9  120 
 43 |  158  391   11    43  547  191   210  131  263    21   81   45 
 44 |   10  454   52    80  747   25    15    7   11    82   10   55 
 45 |   18  234   19    80  475  202   188  164   25    42  150   64 
 46 |   74    2   87    22    4    9    10  852  118    96  721   14 
 47 |  150  879   19   201 1123   99   328  489  147   280  395   97 
 48 |  143  771  163    45 1327  200   218  501  110   274  445   25 
 49 |  160  874   77   134 1407  154   213  558  221   208  463  113 
 50 |   94 1085  143   128 1637   82    67  159   63   120  110   63 
 51 |   40 1037  228    40 1584   44    21  102   19   268   68   57 
 52 |   69 1207   66    49 1681   95   114   94   55    42   69   31 
 53 |   52 1406  104    90 2049   15    12   74   43    73   50   73 
 54 |   10   10   38   388   31  191   122   60    4    32   90   81 
 55 |  129 1356   30    10 1712   42    45    4  317    20    3   10 
 56 |    0 1620    0     0 2095   35    97    0   21     0    0    0 
 57 |  202 1497   68    25 2042   11     0    0  139    66   13   25 
 58 |    0  369  285     0  614   98   114  497    4   203  397   27 
 59 |    0  439  125     1  620  255   213  713   40   106  434   13 
 60 |   10  279  151    50  705  315   163  430   51   218  389   19 
 61 |  184  389   87   152  811   45    29  483  333    69  296   53 
 62 |  219  485   78   245  864   60    52  369  329    65  273   69 
 63 |   91  403  159   164  610  262   334  424   87   186  307   92 
 64 |   72  375  446    65  396   72    93  189   95   599  407  109 
 65 |   55 1191    9    15 1740   85    88    2   69     7    3   11 
 66 |   57  727   60   199 1235   16    11    4   14    59    5  146 
 67 |    8  668   73   113 1096    7     3    1    5    80    0   54 
 68 |  101   92  108    76   91  120   131  849   94    95  808   77 
 69 |  195  684   31    19  696   92   109   55   53    44   92   69 
 70 |   36  680   51   262 1074   28    19    8   34    77    7  164 
 71 |  493  517   30    35 1227  328    61   50  337    48   57   12 
 72 |   57  448  205   176  687   40   206 1258  272     0  954   84 
 73 |  315  763    2     4  976  516   373    1  384     5   10    8 
 74 |   29  653  482   251  799   18    11   59   82   389   36  453 
 75 |   66  107   60    25  180   21    34  373  178    54  190    8 
 76 |   93  195   39    76  327   38    45  418  202    45  191   28 
 77 |   56   28  281    28   39   13    13  173   32   130  284   39 
 78 |  418  308  155    97  509   61   137  137  318   346  311  234 
 79 |  104  797  113    98  659   77    47   35   52   192  238  420 
 80 |    0    0    0   148    0   81   220  250    0     0  363  178 
 81 |  103 1076  117   688 1092  113   293  335   59   214  378  478 
 82 |   39  697  216   233  883   26     7   50   11   220   73  243 
 83 |   25  417   12    31  568   92   125  103   49    16   48   30 
 84 |   43  246   24    36  385  186   118  158   68    18  133   29 
 85 |  136  947   60    33 1259   44    15    5  203   100   19   55 
 86 |  538  218    2   157  281  432   191  179  125   237  290  178 
 87 |   93  203   43    37  321  158   215  271  149    32  185   19 
 88 |   94  166   86   516  160  109   121  537   29    57  562  491 
 89 |    0  296   35   547  848    0     0    0    0   104    0  186 
 90 |    0    0    0    61    0  281    44  395    0     0  378   10 
 91 |    0    0    0   593    0  257    39  363    0     0  107   42 
 92 |   43   33   68    83   57   45    44  554  360    37   77  100 
 93 |   22  198    0   208  169    8     5    0    6     4   25  295 
 94 |    3   57   32    40   56    6     3  226    4    15  377   73 
 95 |    6  269    0     0  319    8    20    0    7     0    0    0 
 96 |    0  264   34   138  403    0     3    8    4    90    0  234 
 97 |   45  279   28    27  507   20    19   83   56    33   42   33 
 98 |    0  781  135   368 1821    0     0    0    0   142    0  245 
 99 |  144    0   60     0    0    0     0  329  296   115  448    0 
100 |    4    0    4    41    1   10    28  185    9     6  142   62 
101 |  123  512  231    92 1387   94   212  191  397   414  273  528 
102 |   39  103   74   376  255   16    14  334  216   184  273  157 
103 |   56   29   46    43   13   17    21  160   35    23  435   56 
104 |    0    0    0    71    0  122    73  426    0     0  374   29 
105 |  511 1034  203   152 1319   92     0    0    0   280  185  106 
106 |   92    0   32     0    0    0     0  376  147   137  886    0 
107 |  202  252  347   328  636    0    30  513   91    20   34   13 
108 |   34 1169   16     0    0    0    28    3    0     0    2   52 
109 |    6   66    0     0  156   22    14    0   11     0    0    0 
110 |    0    0    0     0    0    0     0    0    0     0    0    0 
111 |   61  132    0     0  364   78   118    0  121     0    0    0 
112 |    0    0    0     0    0    0     0    0    0     0    0    0 
113 |    0    0    0     0    0    0     0    0    0     0    0    0 
114 |  201    0  358     0    0    0     0  370  107   241  559    0 
115 |    0    0    0   149    0    5     1   37    0     0   77  488 
116 |    0    0    0   140    0  182   264  510    0     0  628  299 
117 |  137    0  159     0    0    0     0  411  181   176  619    0 
118 |    0  672   56   179  445    0     0    0    0   140    0  211 
119 |   72   19   13    11    4    6    14   77   33    45  203   11 
120 |  155  195    0     0  528   24    32    0  364     0    0    0 
121 |    0  826   48    27  769    0     0    0    0    63    0   75 
122 |  152 1014    3     0    0    0     2    0    0     0    0    3 
123 |    4  395   75    40  316    1     1    2    4   177    4  202 
124 |    2  346  123   257  471    1     0   20    0    92   31   83 
125 |    3    0   95     0    0    0     0 1583   26    64  855    0 
126 |    0  301   11    21  626    0     0    0    0    10    0   23 
127 |    4  249   21    27  963    4     2    0    2   113    0   59 
128 |   52  456    7   169  752   37   174  215  189     7   78   98 
129 |   29  100  106    25  240  211   150  181   34   132  241   49 
130 |    6  194  136   115  167    7     7   28    3   168   44  201 
131 |   16  774  202    10 1301   13    38    6    7   321    8  116 
132 |    0  868   91    36 1306    0     0    0    0   114    0   95 
133 |   43  261   10   590  465  358   118   92   64    18  100  175 
134 |  807    0  146     0    0    0     0  498 1044   155  240    0 
135 |   35  895    3    12 1400    6    11    4   25     3   11   10 
136 |    0    0    0     0    0    0     0    0    0     0    0    0 
137 |    0 1146   10     6  926   27     0    0   25     0    0    7 
138 |   28  403   96    34  324   35   412  253   97    54   64   18 
139 |  218  467  310     0 1074   50   171  557  171   352  752   67 
140 |   19    0   10    54    1   23    20  653   12     2  404   56 
141 |   20  203   29   125  379   16     5   14   25    24   20  145 
142 |   16  344   24    18  428   13    10    2   18    39    2   29 
143 |   58  581    0     0 1532  244   156    0   77     0    0    0 
144 |   25   11   28    14   10   12    13  116   35    21  155   15 
145 |    0    0    0   267    0   26    11  265    0     0  327  296 
146 |    7   14    4   179   21  504   146  144   19     5  100  144 
147 |    0    0    0    23    0   26    18  645    0     0  529   38 
148 |    0    0    0     0    0    0     0    0    0     0    0    0 
149 |    0    0    0     0    0    0     0    0    0     0    0    0 
150 |   10    1   26    16    4   45    22  570   22    43  784   25 
151 |   14   11   43    38   28   69    13  165   13    19  250   32 
152 |    0    0   88   152    1    2     0  642    1   105  716  105 
153 |   24    2  259    57    2   25     9  380   12    51  311    7 
154 |   80  181   36    41  226   54    23  440  105    49  341   70 
155 |    5    0   15    48    1   17     7  891    6    20  877   17 
156 |   38    0   54     0    0    0     0  177   31    34  223    0 
157 |    0    0    9   140    2  123    55  869   19     1  678   83 
158 |   15  173   25   396  233   76    49  286   15    20  120   36 
159 |   33  137  124   320  248   62   195 1031   30   111  681   37 
160 |    0    0    0     0    0    0     0    0    0     0    0    0 
161 |    0    0    0     0    0    0     0    0    0     0    0    0 
162 |   30    0  136     0    0    0     0  752   71    99 1112    0 
163 |    0    0    0    74    0   56    69  393    0     0   91    8 
164 |   33    0   11     0    0  220   137  376   26    11  919    0 
165 |  195  700    6     0 1021  124   106    7  238     0    0    0 
166 |    0    0    0     0    0    0     0    0    0     0    0    0 
167 |    0    0    0     0    0    0     0    0    0     0    0    0 
168 |    0    0    0     0    0    0     0    0    0     0    0    0 
169 |    7  287    6    14  478   51    47    6   20     3    5   10 
170 |    0    0    0     0    0    0     0    0    0     0    0    0 
171 |    0    0    0   117    0  236   143  662    0     0  410   46 
172 |    0    0    0     0    0    0     0    0    0     0    0    0 
173 |   17  244   63    17  390   38    39  103   18   109   72   11 
174 |   36  498   31   123 1181  405   627   67  108   106   43   54 
175 |   11    9   31    35  108   79    60 1048   23    42 1197   37 
176 |    0    0    0    56    0   37    27 1249    0     0  808    9 
177 |    0  366  570    18  910    0     0    0    1   292    0   27 
178 |    0    0    0    79    0  117    52 1232    0     0  883   17 
179 |    0  652    0     0  654    0    17    0   71     0    0    0 
180 |   24  641   15    28  931   12    70    2   70    69    1   29 
181 |    0  175   82    28  270    0     0    0    0   235    0   26 
182 |   85    0   89     0    0    0     0 1029   17    19  666    0 
183 |    0    0    0     0    0    0     0    0    0     0    0    0 
184 |   19  499   35    13 1513   14     3    0   27   133    0   80 
185 |   67   12  139    47    5   16    25 1057   54    85  855   12 
186 |   62 1062    0     0 1393   55     1    0   65     0    0    0 
187 |   92  414    0     0  247  894   866    0   90     0    0    0 
188 |   96  633    0     0 1178  214   146    0  104   449  143   24 
189 |    0    0    0     0    0  496   131  567    0     0  568   48 
190 |   59  135   34    36   91   15    30  359   48     4  189   12 
191 |    0    0    0     0    0  461     0    0  924     0    0    0 
192 |    0    0    0     0    0    0     0    0    0     0    0    0 
193 |    0    0    0     0    0    0     0    0    0     0    0    0 
194 |    0    0    0    11    0   50    92  202    0     0  105   17 
195 |   62  838   36    43  957   34    22    2   36   315    6  235 
196 |    0    0    0     0    0    0     0    0    0     0    0    0 
197 |   71    0   10     0    0    0     0  635   82     6  261    0 
198 |   49  283    5    22  495   17    68   46  303     5   23   18 
199 |   25    0    3     0    0    0     0  472   39     2  187    0 
200 |    0    0    0     0    0    0     0    0    0     0    0    0 
201 |    0    0    0     0    0    0     0    0    0     0    0    0 
202 |    2  467  180   354 1337    2     3    3    6   462    1  269 
203 |    0    0    0  1345    0  583   359  927    0     0  578  381 
204 |    0 1117  253   148 1358    0   168   99  153   341    0  493 
205 |    0  128    8    78  422    0     0    0    0     8    0   55 
206 |    0    0    0   131   22    7     6   20    7     9   28  185 
207 |   13  101   17    38   87    1     2    8   10    71   14   34 
208 |    0    0    0     0    0    0     0    0    0     0    0    0 
209 |    0    0    0     0    0    0     0    0    0     0    0    0 
210 |    0    0    0     0    0    0     0    0    0     0    0    0 
211 |    0    0    0     0    0    0     0    0    0     0    0    0 
212 |  175 1276    0     0  685  278     0    0    0     0    0    0 
213 |    0  831    0     0  685    0   688    0    0     0    0    0 
214 |   30  402    0     0 1462   24     0    0    0   265   87 1047 
215 |  217  406    0     0  411 1186     0    0    0     0    0    0 
216 |   49    0   72     2    2    0     2  144   51    65  636    3 
217 |  274  807    0     0  530   87   234    0  535     0    0    0 
218 |   14  232   32   135  381   71    42    3   13    58    4  120 
219 |   85   10   58     0    0    0   153  387    0     0  444  440 
220 |   44    4  294     0    0    0    65 1137    0     0  712  783 
221 |    0    0    0   839    5   77     0  319  348   540  208    0 
222 |   89  609   46   112 1447  326   410   22   34   182   69  140 
223 |  186    0   93     0    0    0     0 1173  322   178 1116    0 
224 |    0    0    0   113   28  198     0  871  630  1110  589    0 
225 |  582    0  261     0    0    0  1004  558    0     0  417  604 
226 |    0    0    0   272   18  309     0  454    0   223  333    0 
227 |    0  709  439   197 1211    0    58  194  381   135    0  107 
228 |    6  207  311   773  738   54    33  165   22   111   59  107 
229 |   47  256    0     0  326  115   124    0   66     0    0    0 
230 |    0 1259   55   124  941    0     0    0    0    45    0   69 
231 |    0  478  127   169  299    0     0    0    0    65    0   76 
232 |    0    0    0    40    0   59   131  578    0     0  250   17 
233 |  131  418  495    53  646  502   511  910  140   299  937    8 
234 |  296  172  107   119  614   43    73  589  292    62  221   25 
235 |   27  135   68    33  182   35    69  391   72    22  223   72 
236 |   19  160    0     3  118    2     0    0    6     4    0    1 
237 |   43  204    0     0  611   28    29    0   65     0    0    0 
238 |   89  480   23    90  998  127    95  129  102    77  124   91 
239 |  728  525   59    90  290  105    80  416  337    57  766  187 
240 |    0   51   31    74   65    0     0    0    0    25    0   35 
241 |   48  380    0     0  937   23     9    0   60     0    0    0 
242 |    0    0    0   105    0  133    99  379    0     0  512   94 
243 |    0   87   21    19  195    0     0    0    0    10    0   10 
244 |    0    0    0    85    0   77    66  383    0     0  218   48 
245 |    0    0    0   190    0  168   279  217    0     0   83  166 
246 |    0    0    0     0    0    0     0    0    0     0    0    0 
247 |    0    0    0     0    0    0     0    0    0     0    0    0 
248 |    0    0    0     0    0    0     0    0    0     0    0    0 
249 |    7 1066  140   324  587    6     6    3    2   193   11  486 
250 |    0    0    0    72    7  151     0  606  248    81  556    0 
251 |  105    3  162     0    0    0   262  413    0     0  527   99 
252 |  134    0   90     0    0    0     0 1003  118    57  928    0 
253 |  161  513    0     0  511  166     0    0    0    69    0  178 
254 |   35  314  308   304  515    1     1    2   33   128    1  132 
255 |  517  162  147    12   34   28    80  194  156    31   70   10 
256 |   98    0   35     0    0    0     0   47   89    25  126    0 
257 |  102    1   30     2    0    3     2  186  194    40  112    4 
258 |    0    0    0     0    0    0     0 1548    0     0  492    0 
259 |    0    0    0     0    0    0  1008  539    0     0  492  680 
260 |    0    0    0     0    0    0   281  607    0     0  344   15 
261 |   16  316    0     0  735  190   116    0   32     0    0    0 
262 |  221  827    0     0  877  166  1181    0   63     0    0    0 
263 |   43  476   45    31  995   12    46    1   92   167   16  136 
264 |  100  433   55    36  692  124   226   99  173   158  210   75 
265 |  267 1170   98    50  684   55   123  244  128    24  242   57 
266 |  105   15   30   134   10   99    42  894   63    39  859   88 
267 |   44   72   54   125  231  321   191  877   47    29  528   54 
268 |  100  963   93    73 1321  134   121   16   65    45   13   94 
269 |    0  126   27    75  140    0     0    0    0    93    0   84 
270 |   84  580    0     0  805  111   167    0   34     0    0    0 
271 |    0    0    0     0    0    0     0    0    0     0    0    0 
272 |    0    0    0   116    0  139    92  319    0     0  333   63 
273 |    0    0    0     0    0    0     0    0    0     0    0    0 
274 |   52    0  146     0    0    0     0  389   66   190  517    0 
275 |   51 1064    0     0 1012   57   259    0   89     0    0    0 
276 |    0  624   19   500  344    0     0    0    0    12    0  252 
277 |   20  757   36    88  507   90   200   60   34   176  106  309 
278 |    0    0    0     0    0    0     0    0    0     0    0    0 
279 |    0    0    0     0 1337    0     0    0  703     0    0    0 
280 |  257    0  161     2    6   10     0  241  222    76  221    0 
281 |    0    0    0     0    0    0     0    0    0     0    0    0 
282 |   86  628    4    56 1434  122    29    2  146     6    6   18 
283 |    0    0    0     0    0    0     0    0    0     0    0    0 
284 |    0    0    0    79    0  523   272 1286    0     0 1040   49 
285 |   48 1209   63    49 1758   73   111    8   28   150   13   61 
286 |    0    0    0     0    0    0   364  473    0     0  285  382 
287 |    0 1813    0     0  741    0     0    0    0     0    0    0 
288 |    0    0    0     0    0    0     0 1293    0     0  958    0 
289 |    0    0    0     0    0    0     0    0    0     0    0    0 
290 |    0    0    0    36    0  150    90   93    0     0   54   55 
291 |  119    0   87     0    0    0     0  750   23    24  544    0 
292 |   22  209   57   156  265    8    11   16   16    43   17  110 
293 |    1   55  120   108  229    0     0    1    0   101    2  103 
294 |   55   90    5    27  162  137    89   35   58     3    6    2 
295 |    0    0    0     0    0    0     0    0    0     0    0    0 
296 |    5  137    0     0  225   22    21    0   15     0    0    0 
297 |    0    0    0     0    0    0     0    0    0     0    0    0 
298 |    0  604   49   175 1384    0     0    0    0    88    0  320 
299 |  102   34   74   150    0  113   172  458    0     0  390   84 
300 |    0  916   91   106  776    0     0    0    0    60    0   67 
