INT       NB             SB             EB             WB
 #   LT   TH   RT   LT   TH   RT   LT   TH   RT   LT   TH   RT
--------------------------------------------------------------
1    11   23   9    301  18   24   10   276  10   7    190  106  
2    16   29   47   35   39   6    9    488  27   43   427  39   
3    115  242  169  28   219  74   10   224  57   142  268  59   
4    0    0    0    123  0    185  75   563  0    0    580  89   
5    44   645  96   198  622  126  78   129  41   195  292  310  
6    58   681  97   133  847  96   77   218  62   61   227  213  
7    226  458  111  136  548  49   175  442  94   416  418  243  
8    232  632  136  228  672  52   10   277  136  178  292  169  
9    152  722  158  106  904  57   57   287  222  293  351  144  
10   0    856  28   37   1248 2    1    0    2    29   0    49   
11   34   934  2    8    1301 12   13   1    49   3    0    9    
12   9    892  0    0    1284 7    68   0    2    0    0    0    
13   50   25   77   164  54   16   5    1346 17   102  938  70   
14   0    0    0    1012 0    79   73   1398 0    0    1050 251  
15   100  0    137  0    0    0    0    477  73   218  831  0    
16   139  121  315  147  276  95   78   926  95   201  999  38   
17   50   100  51   146  327  156  43   496  45   38   466  67   
18   44   121  28   38   260  57   37   177  78   54   235  43   
19   0    2    5    190  2    200  89   554  2    6    685  130  
20   52   23   115  67   29   24   16   488  68   145  952  50   
21   97   130  283  91   160  31   26   1058 54   149  1092 55   
22   58   129  166  176  294  123  71   744  38   121  551  119  
23   19   122  8    9    302  112  86   272  40   12   167  35   
24   61   42   40   210  0    162  46   539  126  90   614  47   
25   107  231  57   130  514  157  132  337  73   68   723  93   
26   43   183  115  414  469  44   0    1197 216  351  1613 334  
27   41   260  175  193  221  42   22   1217 146  250  1207 56   
28   0    859  59   0    971  0    0    0    0    0    0    8    
29   92   528  184  64   419  189  94   316  92   103  483  41   
30   110  738  22   218  473  573  226  947  297  85   1387 38   
31   43   744  45   57   932  33   45   105  34   81   111  139  
32   37   169  139  63   368  67   11   505  51   300  619  50   
33   0    0    0    0    0    0    0    1518 0    0    1560 0    
34   71   83   316  73   193  61   47   645  108  436  1047 62   
35   16   80   21   146  217  260  197  948  6    17   801  53   
36   196  311  138  158  630  40   83   478  401  197  505  43   
37   12   7    5    121  0    222  106  1024 4    1    1257 91   
38   11   24   16   21   55   154  48   1066 99   43   1159 24   
39   119  484  124  131  516  327  369  650  142  192  484  122  
40   161  416  125  124  539  157  225  564  131  127  664  95   
41   154  355  98   125  453  102  194  676  298  99   572  100  
42   8    430  98   124  646  10   7    4    6    95   9    130  
43   162  392  10   36   529  178  197  112  261  22   81   44   
44   11   467  47   66   715  25   15   6    11   71   9    47   
45   19   262  22   81   446  187  174  159  23   38   133  59   
46   74   2    87   22   4    9    10   812  117  97   703  14   
47   154  878  19   201  1115 104  325  474  141  266  398  95   
48   141  765  155  43   1301 197  222  488  111  271  442  25   
49   153  863  78   138  1372 150  203  544  204  205  456  115  
50   94   1068 136  119  1595 80   67   155  64   118  108  61   
51   39   1033 233  40   1535 41   19   95   17   256  63   54   
52   64   1212 71   46   1639 78   108  96   58   46   64   31   
53   53   1425 105  89   2021 15   11   69   40   73   50   73   
54   10   11   37   364  32   191  162  73   5    30   83   76   
55   116  1374 29   11   1683 41   47   4    301  19   3    11   
56   0    1623 0    0    2050 35   99   0    22   0    0    0    
57   211  1500 69   25   2000 11   0    0    141  66   13   25   
58   0    354  276  0    603  95   114  500  4    207  397  27   
59   0    432  121  1    610  265  218  715  39   103  443  13   
60   9    267  147  57   678  333  160  430  43   205  402  21   
61   189  376  86   142  773  44   28   478  336  68   299  50   
62   223  473  77   238  829  61   51   368  324  61   269  65   
63   88   390  155  156  572  248  331  422  85   191  318  95   
64   70   368  442  65   379  71   87   179  86   595  414  112  
65   60   1177 9    15   1689 87   83   2    68   7    3    11   
66   57   716  60   199  1180 16   11   4    14   57   5    146  
67   8    653  74   112  1037 7    3    1    5    80   0    54   
68   114  95   112  71   92   122  131  856  102  98   840  74   
69   218  626  32   18   662  98   109  61   58   43   102  62   
70   35   670  49   263  1019 28   20   8    33   73   7    168  
71   541  497  31   30   1094 305  64   56   386  48   59   11   
72   58   421  139  176  660  60   233  1030 214  0    823  67   
73   285  782  2    4    922  504  354  1    312  5    10   9    
74   28   621  449  261  766  20   11   58   75   344  36   442  
75   64   107  60   26   175  21   34   373  165  52   192  8    
76   92   194  38   71   314  36   46   416  207  44   184  27   
77   57   30   278  28   41   14   12   151  29   129  280  41   
78   368  285  154  101  475  56   132  141  295  349  310  245  
79   107  801  109  92   656  77   48   35   55   194  241  417  
80   0    0    0    144  0    77   210  235  0    0    366  187  
81   98   1087 112  712  1093 116  305  332  57   208  376  505  
82   37   719  209  220  836  24   7    44   10   217  70   254  
83   25   405  12   29   540  88   117  96   47   15   46   28   
84   41   238  24   38   355  183  117  164  62   15   118  26   
85   169  948  58   35   1185 60   17   5    193  93   26   60   
86   506  197  2    158  261  423  201  201  129  238  306  181  
87   83   205  44   42   304  158  205  263  119  30   184  21   
88   81   148  74   541  161  115  126  538  28   56   580  523  
89   0    310  28   455  851  0    0    0    0    90   0    176  
90   0    0    0    60   0    295  48   414  0    0    385  10   
91   0    0    0    574  0    272  42   378  0    0    99   37   
92   37   30   61   81   61   42   42   533  379  40   73   99   
93   20   179  0    208  166  31   34   0    9    1    26   297  
94   3    58   33   43   62   5    3    224  4    17   357  80   
95   6    226  0    0    318  8    20   0    7    0    0    0    
96   0    265  32   127  408  0    3    8    4    87   0    219  
97   45   270  27   25   478  19   18   80   54   32   42   32   
98   0    771  122  368  1777 0    0    0    0    127  0    245  
99   150  0    61   0    0    0    0    329  285  108  445  0    
100  4    0    4    47   1    13   29   208  9    6    171  63   
101  127  504  252  97   1339 94   205  205  389  405  276  510  
102  33   95   83   374  221  12   10   297  167  199  258  160  
103  60   29   45   43   13   19   22   167  36   22   464  55   
104  0    0    0    50   0    112  76   436  0    0    383  23   
105  536  1061 196  151  1235 99   0    0    0    263  200  112  
106  89   0    35   0    0    0    0    430  141  134  917  0    
107  101  306  376  296  633  0    30   457  89   20   14   13   
108  40   1143 16   0    0    0    24   3    0    0    3    52   
109  8    64   0    0    136  19   13   0    12   0    0    0    
110  0    0    0    0    0    0    0    0    0    0    0    0    
111  60   120  0    0    352  78   116  0    122  0    0    0    
112  0    0    0    0    0    0    0    0    0    0    0    0    
113  0    0    0    0    0    0    0    0    0    0    0    0    
114  206  0    340  0    0    0    0    376  109  228  566  0    
115  0    0    0    136  0    6    1    32   0    0    81   481  
116  0    0    0    132  0    172  260  501  0    0    631  299  
117  130  0    149  0    0    0    0    426  180  172  634  0    
118  0    687  50   150  457  0    0    0    0    142  0    200  
119  70   14   5    7    5    9    21   60   49   34   205  9    
120  142  192  0    0    523  24   33   0    352  0    0    0    
121  0    811  48   27   737  0    0    0    0    63   0    75   
122  220  987  3    0    0    0    2    0    0    0    0    3    
123  4    389  74   44   309  1    1    2    4    167  4    217  
124  5    285  108  221  360  2    0    20   0    21   26   20   
125  3    0    95   0    0    0    0    1324 25   65   746  0    
126  0    262  11   21   579  0    0    0    0    10   0    23   
127  4    255  21   27   953  4    2    0    2    113  0    59   
128  48   448  10   162  695  24   101  173  146  9    69   93   
129  29   96   106  25   222  207  147  183  32   121  235  47   
130  6    195  141  114  175  7    7    28   3    171  43   187  
131  16   745  186  9    1228 13   38   6    7    307  8    108  
132  0    877  92   35   1250 0    0    0    0    114  0    95   
133  43   259  10   576  454  354  120  94   65   18   99   172  
134  831  0    134  0    0    0    0    476  982  140  245  0    
135  46   851  3    10   1332 6    12   5    36   3    13   8    
136  0    0    0    0    0    0    0    0    0    0    0    0    
137  0    1111 10   6    894  27   0    0    40   0    0    7    
138  28   409  96   35   326  36   411  248  93   53   65   18   
139  270  419  308  0    1006 52   148  533  185  341  804  52   
140  23   0    6    41   1    36   32   624  13   1    405  44   
141  20   203  29   126  381  16   5    14   25   23   20   144  
142  16   331  24   18   419  13   10   2    18   39   2    29   
143  57   583  0    0    1502 215  130  0    70   0    0    0    
144  28   13   35   15   10   11   12   118  33   21   150  15   
145  0    0    0    256  0    27   11   252  0    0    309  261  
146  7    14   4    178  20   476  145  156  20   5    103  143  
147  0    0    0    23   0    26   18   658  0    0    554  38   
148  0    0    0    0    0    0    0    0    0    0    0    0    
149  0    0    0    0    0    0    0    0    0    0    0    0    
150  10   1    26   16   4    45   22   542  22   43   762  25   
151  15   10   43   35   29   68   12   164  14   17   210  24   
152  21   9    50   55   15   54   11   507  26   57   540  85   
153  25   2    258  56   2    26   8    283  10   52   285  7    
154  71   141  20   31   193  64   31   426  116  35   333  60   
155  5    0    15   43   1    15   7    763  6    20   801  17   
156  28   0    54   0    0    0    0    173  22   32   216  0    
157  0    0    9    133  2    119  52   743  19   1    601  79   
158  21   158  27   256  208  64   38   263  19   19   109  21   
159  40   109  103  209  180  59   163  903  29   77   621  22   
160  0    0    0    0    0    0    0    0    0    0    0    0    
161  0    0    0    0    0    0    0    0    0    0    0    0    
162  51   0    104  0    0    0    0    653  113  79   1065 0    
163  0    0    0    73   0    57   68   233  0    0    64   9    
164  33   0    11   0    0    223  143  358  27   11   916  0    
165  185  687  6    0    1001 131  109  7    217  0    0    0    
166  0    0    0    0    0    0    0    0    0    0    0    0    
167  0    0    0    0    0    0    0    0    0    0    0    0    
168  0    0    0    0    0    0    0    0    0    0    0    0    
169  7    282  6    14   433  50   45   6    18   3    5    10   
170  0    0    0    0    0    0    0    0    0    0    0    0    
171  0    0    0    109  0    228  179  635  0    0    424  60   
172  0    0    0    0    0    0    0    0    0    0    0    0    
173  16   234  64   17   355  34   38   107  17   111  73   11   
174  39   491  32   120  1149 419  611  69   110  106  46   52   
175  11   9    34   36   100  74   52   1032 20   41   1183 36   
176  0    0    0    48   0    34   29   1192 0    0    812  10   
177  0    379  562  15   921  0    0    0    1    292  0    23   
178  0    0    0    90   0    102  50   1165 0    0    880  22   
179  0    470  0    0    465  0    17   0    71   0    0    0    
180  24   631  15   28   919  12   70   2    70   69   1    29   
181  0    170  69   25   249  0    0    0    0    234  0    29   
182  85   0    89   0    0    0    0    999  16   20   704  0    
183  0    0    0    0    0    0    0    0    0    0    0    0    
184  15   464  31   18   1417 18   4    0    26   70   0    68   
185  67   11   126  46   5    17   26   1055 51   73   865  11   
186  61   1040 0    0    1395 55   1    0    61   0    0    0    
187  100  402  0    0    226  903  841  0    88   0    0    0    
188  96   633  0    0    1167 213  135  0    96   456  146  24   
189  0    0    0    0    0    499  111  573  0    0    573  47   
190  56   102  30   24   115  11   21   296  75   6    154  8    
191  0    0    0    0    1    441  0    0    866  0    0    0    
192  0    0    0    0    0    0    0    0    0    0    0    0    
193  0    0    0    0    0    0    0    0    0    0    0    0    
194  0    0    0    11   0    50   92   202  0    0    104  17   
195  64   821  40   44   942  32   21   2    37   316  6    214  
196  0    0    0    0    0    0    0    0    0    0    0    0    
197  71   0    10   0    0    0    0    628  82   6    258  0    
198  47   283  5    23   499  17   68   45   293  5    23   18   
199  23   0    4    0    0    0    0    473  25   2    180  0    
200  0    0    0    0    0    0    0    0    0    0    0    0    
201  0    0    0    0    0    0    0    0    0    0    0    0    
202  2    437  182  369  1290 2    3    3    6    475  1    276  
203  0    0    0    1285 0    605  358  943  0    0    593  354  
204  0    1126 264  131  1274 0    208  127  207  362  0    476  
205  0    164  8    69   400  0    0    0    0    7    0    57   
206  0    0    0    124  40   3    2    18   12   49   33   197  
207  12   102  12   36   91   1    2    7    10   60   14   37   
208  0    0    0    0    0    0    0    0    0    0    0    0    
209  0    0    0    0    0    0    0    0    0    0    0    0    
210  0    0    0    0    0    0    0    0    0    0    0    0    
211  0    0    0    0    0    0    0    0    0    0    0    0    
212  154  1211 0    0    638  246  0    0    0    0    0    0    
213  0    772  0    0    638  0    651  0    0    0    0    0    
214  30   404  0    0    1458 21   0    0    0    268  79   971  
215  215  407  0    0    427  1168 0    0    0    0    0    0    
216  43   0    72   2    2    0    2    150  50   73   662  3    
217  271  793  0    0    510  88   235  0    518  0    0    0    
218  17   225  42   144  362  68   35   3    13   67   5    113  
219  77   11   74   0    0    0    143  419  0    0    423  514  
220  46   4    309  0    0    0    65   1136 0    0    728  809  
221  0    0    0    854  5    70   0    302  302  557  209  0    
222  89   595  45   112  1427 332  412  22   34   180  71   140  
223  187  0    90   0    0    0    0    1195 311  168  1156 0    
224  0    0    0    102  10   96   0    684  194  747  543  0    
225  405  0    194  0    0    0    396  591  0    0    558  322  
226  0    0    0    308  18   317  0    424  0    209  318  0    
227  0    700  424  195  1159 0    68   223  424  123  0    103  
228  6    222  290  774  748  54   38   166  22   104  55   114  
229  36   259  0    0    306  125  127  0    44   0    0    0    
230  0    1230 47   120  921  0    0    0    0    43   0    76   
231  0    481  124  168  296  0    0    0    0    64   0    77   
232  0    0    0    40   0    46   116  580  0    0    248  19   
233  127  421  477  53   655  505  512  872  136  297  923  8    
234  245  182  111  121  626  35   64   506  251  68   191  28   
235  30   130  47   22   203  38   71   288  90   17   170  47   
236  13   163  0    2    120  7    0    1    17   3    0    2    
237  43   201  0    0    605  28   30   0    65   0    0    0    
238  94   472  23   85   966  127  100  137  111  83   139  95   
239  762  539  62   83   280  95   77   412  351  61   775  186  
240  0    44   31   70   55   0    0    0    0    29   0    37   
241  53   366  0    0    922  22   7    0    58   0    0    0    
242  0    0    0    97   0    123  94   364  0    0    508  93   
243  0    88   20   18   164  0    0    0    0    9    0    11   
244  0    0    0    60   0    73   72   380  0    0    222  40   
245  0    0    0    206  0    129  241  198  0    0    72   194  
246  0    0    0    0    0    0    0    0    0    0    0    0    
247  0    0    0    0    0    0    0    0    0    0    0    0    
248  0    0    0    0    0    0    0    0    0    0    0    0    
249  7    1071 144  326  583  6    6    3    2    197  11   490  
250  0    0    0    73   7    144  0    627  237  82   573  0    
251  108  3    153  0    0    0    285  417  0    0    544  101  
252  153  0    92   0    0    0    0    997  129  57   940  0    
253  189  538  0    0    509  165  0    0    0    71   0    163  
254  35   304  328  303  497  1    1    2    33   136  1    132  
255  535  168  153  12   33   27   79   191  156  31   68   10   
256  101  0    32   0    0    0    0    34   86   28   125  0    
257  99   1    32   2    0    3    2    190  192  41   108  4    
258  0    0    0    0    0    0    0    1471 0    0    471  0    
259  0    0    0    0    0    0    942  528  0    0    471  700  
260  0    0    0    0    0    0    258  609  0    0    340  14   
261  15   307  0    0    722  185  116  0    32   0    0    0    
262  226  838  0    0    876  167  1164 0    63   0    0    0    
263  43   467  45   31   987  12   46   1    94   171  16   135  
264  98   425  55   36   676  120  226  101  173  155  204  73   
265  274  1178 104  48   686  51   115  239  131  26   241  56   
266  108  16   26   142  11   127  53   902  66   35   882  94   
267  45   68   53   121  223  323  187  891  47   29   550  52   
268  100  962  93   73   1318 134  122  16   65   45   13   94   
269  0    121  19   70   142  0    0    0    0    79   0    88   
270  80   567  0    0    796  115  169  0    32   0    0    0    
271  0    0    0    0    0    0    0    0    0    0    0    0    
272  0    0    0    117  0    136  104  300  0    0    335  78   
273  0    0    0    0    0    0    0    0    0    0    0    0    
274  49   0    150  0    0    0    0    374  59   194  516  0    
275  48   1074 0    0    1012 55   265  0    89   0    0    0    
276  0    630  19   496  348  0    0    0    0    12   0    252  
277  17   769  35   97   511  85   206  59   31   172  97   343  
278  0    0    0    0    0    0    0    0    0    0    0    0    
279  0    0    0    0    1330 0    0    0    739  0    0    0    
280  273  0    168  2    6    10   0    223  212  72   206  0    
281  0    0    0    0    0    0    0    0    0    0    0    0    
282  84   612  4    56   1403 113  28   2    146  6    6    18   
283  0    0    0    0    0    0    0    0    0    0    0    0    
284  0    0    0    77   0    516  270  1307 0    0    1077 49   
285  43   1216 59   54   1756 77   116  8    25   143  13   69   
286  0    0    0    0    0    0    365  485  0    0    269  373  
287  0    1835 0    0    739  0    0    0    0    0    0    0    
288  0    0    0    0    0    0    0    1238 0    0    960  0    
289  0    0    0    0    0    0    0    0    0    0    0    0    
290  0    0    0    38   0    129  74   91   0    0    57   60   
291  125  0    81   0    0    0    0    769  25   22   542  0    
292  22   201  57   155  244  8    11   17   15   42   18   111  
293  1    71   115  93   230  0    0    1    0    102  2    122  
294  48   98   4    24   169  133  90   26   51   3    6    3    
295  0    0    0    0    0    0    0    0    0    0    0    0    
296  5    137  0    0    225  22   21   0    15   0    0    0    
297  0    0    0    0    0    0    0    0    0    0    0    0    
298  0    605  50   173  1296 0    0    0    0    87   0    331  
299  103  34   73   149  0    114  169  446  0    0    406  87   
300  0    933  91   106  774  0    0    0    0    60   0    67   
