INT       NB             SB             EB             WB
 #   LT   TH   RT   LT   TH   RT   LT   TH   RT   LT   TH   RT
--------------------------------------------------------------
1    13   30   4    319  17   27   13   263  13   7    83   129  
2    15   22   55   34   40   30   10   447  38   60   358  34   
3    63   238  108  46   187  72   64   226  18   140  317  63   
4    0    0    0    125  0    255  93   503  0    0    568  90   
5    44   699  145  128  490  134  93   165  65   206  375  321  
6    52   764  56   118  849  93   105  228  52   97   250  154  
7    163  484  81   166  591  83   168  423  62   449  463  236  
8    110  622  89   370  501  36   21   275  81   252  282  217  
9    175  454  181  138  793  38   42   317  215  276  193  227  
10   1    840  29   38   1263 2    2    0    0    35   0    56   
11   51   1046 1    9    1279 14   18   1    46   2    0    12   
12   14   926  0    0    1237 8    81   0    7    0    0    0    
13   55   29   84   203  70   11   6    1311 16   123  995  45   
14   0    0    0    840  0    49   67   1241 0    0    992  133  
15   55   0    237  0    0    0    0    484  47   230  984  0    
16   124  347  320  117  414  80   133  854  151  193  1094 89   
17   85   234  161  190  486  165  56   496  228  153  562  126  
18   5    308  79   67   648  97   116  33   91   58   62   43   
19   0    2    4    566  2    219  262  476  3    5    721  121  
20   86   14   152  40   11   25   6    664  24   195  1095 67   
21   114  177  114  126  181  52   78   1409 84   157  1096 118  
22   33   73   162  147  214  245  70   674  47   40   633  28   
23   14   181  10   108  118  29   77   247  3    47   77   9    
24   56   70   44   77   0    136  15   880  144  112  635  88   
25   121  200  108  115  401  108  171  614  67   234  1165 155  
26   59   360  102  623  534  38   0    1396 169  46   1501 207  
27   75   280  161  158  177  67   27   1316 63   92   1408 241  
28   0    988  58   0    899  0    0    0    0    0    0    6    
29   162  251  254  114  393  196  161  636  155  438  1039 78   
30   33   607  296  87   563  523  215  1034 256  225  960  228  
31   40   781  45   1    1023 99   72   53   36   48   54   4    
32   58   130  27   95   126  22   28   485  52   372  339  42   
33   0    0    0    0    0    685  516  975  0    0    787  62   
34   110  225  397  36   236  53   0    365  146  560  585  68   
35   16   142  70   182  292  434  97   861  28   56   662  60   
36   191  425  51   103  923  84   162  550  448  64   569  13   
37   27   9    12   69   0    159  63   883  7    4    1129 20   
38   4    22   45   21   21   63   13   869  16   79   1030 24   
39   92   257  206  114  391  489  336  732  159  188  744  69   
40   76   502  134  115  572  131  62   611  15   207  871  80   
41   154  361  72   103  292  61   207  618  366  53   473  113  
42   4    361  102  132  671  10   8    2    8    109  4    95   
43   125  327  12   42   474  149  163  64   225  11   100  46   
44   17   419  55   68   694  16   10   8    11   56   5    71   
45   15   186  27   100  563  127  215  154  21   57   139  62   
46   77   1    85   25   3    10   11   757  104  94   732  15   
47   84   727  80   57   1146 159  409  683  142  285  629  26   
48   159  733  148  31   1270 226  116  564  201  233  609  77   
49   206  928  132  140  1610 134  162  537  205  261  501  115  
50   83   1030 103  134  1617 77   45   125  53   115  99   76   
51   26   1025 340  60   1464 37   37   163  7    243  99   56   
52   69   1310 69   38   1824 66   44   162  57   40   73   16   
53   68   1523 111  70   1979 16   10   67   35   79   44   86   
54   7    8    46   378  36   207  138  72   7    29   111  66   
55   156  1452 27   7    1864 78   40   0    410  19   4    14   
56   0    1323 0    0    1987 8    48   0    5    0    0    0    
57   273  1490 83   17   1903 11   0    0    263  59   14   24   
58   0    262  463  1    667  221  123  469  3    177  443  39   
59   0    257  171  0    744  253  308  878  22   112  444  10   
60   9    223  143  108  643  456  129  449  177  178  459  20   
61   236  316  98   151  800  32   35   573  440  59   275  56   
62   282  460  104  345  1092 70   85   310  354  84   245  81   
63   45   367  167  169  508  207  207  447  95   231  362  115  
64   86   319  244  62   259  60   90   246  91   595  442  63   
65   79   1181 7    16   1821 111  108  4    52   4    2    14   
66   27   689  18   231  1151 65   20   6    7    62   8    152  
67   7    563  79   122  954  3    1    1    5    79   0    54   
68   271  231  128  36   166  148  118  970  183  125  1022 50   
69   222  733  36   25   633  117  105  55   58   66   309  79   
70   34   631  53   273  993  27   11   6    27   64   8    144  
71   502  544  27   101  927  427  58   41   383  76   46   12   
72   65   440  220  119  784  66   67   1068 133  0    706  68   
73   236  717  3    3    712  292  160  1    343  4    18   16   
74   10   732  239  306  678  22   40   95   82   347  77   417  
75   45   71   50   20   182  24   28   396  174  38   173  27   
76   99   110  18   53   309  15   32   371  187  27   186  17   
77   64   32   290  30   39   16   5    185  35   110  251  34   
78   495  309  105  122  278  19   86   147  363  148  419  374  
79   258  920  382  71   765  19   20   61   77   247  287  351  
80   0    0    0    112  0    53   183  299  0    0    332  256  
81   182  676  134  223  1235 138  325  513  105  214  279  119  
82   26   546  193  114  756  24   22   40   7    192  37   262  
83   34   322  17   36   583  93   131  99   58   12   37   22   
84   36   269  29   41   331  213  104  182  62   17   112  21   
85   186  759  63   47   995  221  15   21   152  140  25   44   
86   425  212  7    160  525  311  269  228  172  156  388  155  
87   79   166  37   48   235  153  215  281  102  26   190  31   
88   105  389  21   662  577  173  285  522  43   11   510  734  
89   0    331  108  684  719  0    0    0    0    155  0    216  
90   0    0    0    29   0    239  68   281  0    0    342  7    
91   0    0    0    465  0    223  37   389  0    0    146  34   
92   32   16   87   77   48   43   57   442  296  71   117  87   
93   42   267  0    0    126  70   38   0    10   0    0    0    
94   5    51   36   50   57   7    5    125  5    14   340  79   
95   5    326  0    0    531  4    34   0    10   0    0    0    
96   0    333  0    132  408  0    2    7    3    93   0    172  
97   46   287  33   26   436  22   12   94   73   25   47   26   
98   0    308  88   514  1414 0    0    0    0    79   0    233  
99   148  0    61   0    0    0    0    339  124  108  444  0    
100  3    0    4    43   1    13   35   150  10   5    60   67   
101  209  408  322  110  1227 111  165  241  390  354  338  499  
102  54   31   160  393  155  9    16   387  197  206  241  105  
103  67   34   49   40   16   20   20   95   41   22   315  68   
104  0    0    0    31   0    202  62   430  0    0    413  38   
105  279  1024 211  180  1027 138  0    0    0    231  156  177  
106  94   0    42   0    0    0    0    378  160  123  981  0    
107  45   447  61   107  805  17   36   151  107  22   108  18   
108  43   1076 19   17   2433 9    36   4    24   185  3    26   
109  6    70   0    0    178  21   15   0    17   0    0    0    
110  1    0    1    10   0    12   37   170  4    2    245  30   
111  54   145  0    0    300  84   97   0    115  0    0    0    
112  3    13   17   32   42   9    8    129  6    19   151  15   
113  118  21   0    0    513  32   23   0    53   0    0    0    
114  166  1    323  0    0    0    0    434  136  207  524  1    
115  0    0    0    77   0    2    5    43   0    0    32   588  
116  0    0    0    105  0    110  307  430  0    0    684  369  
117  155  0    129  0    0    0    0    461  143  118  696  0    
118  0    1066 132  143  390  0    0    0    0    121  0    217  
119  63   12   0    8    6    8    23   71   26   36   230  9    
120  162  187  0    0    522  23   31   0    357  0    0    0    
121  0    534  47   31   574  0    0    0    0    63   0    93   
122  88   953  2    0    2167 3    1    0    42   0    0    3    
123  4    265  59   91   171  1    2    2    3    103  7    447  
124  4    355  82   118  312  2    0    19   0    85   26   80   
125  1    0    106  0    0    0    0    1316 28   55   616  0    
126  0    351  12   21   571  0    0    0    0    11   0    23   
127  3    136  28   29   899  3    1    0    1    143  0    65   
128  27   548  7    154  843  49   86   214  166  13   35   100  
129  12   151  88   25   260  207  113  223  31   163  234  44   
130  10   190  165  102  147  6    8    26   4    171  47   117  
131  18   779  166  98   1220 6    54   8    30   411  6    154  
132  0    793  105  30   1184 0    0    0    0    129  0    111  
133  47   212  22   642  395  321  121  126  82   10   90   156  
134  823  0    103  0    0    0    0    535  963  159  244  0    
135  70   929  2    9    1495 6    12   2    71   4    16   10   
136  58   972  0    5    820  44   13   2    24   2    0    3    
137  0    1031 11   9    748  34   0    0    17   0    0    11   
138  49   334  120  63   277  42   410  386  75   43   57   21   
139  334  501  0    0    950  197  294  0    210  0    1    0    
140  29   0    7    44   1    37   38   650  17   1    418  41   
141  15   228  54   149  422  15   8    16   33   10   25   160  
142  15   365  26   20   408  10   5    1    17   31   2    28   
143  50   315  0    0    1305 140  87   0    80   0    0    0    
144  30   17   29   18   11   9    10   137  35   41   144  13   
145  0    0    0    316  0    24   10   220  0    0    264  227  
146  10   15   4    228  21   496  149  186  24   8    141  149  
147  0    0    0    23   0    29   18   619  0    0    492  51   
148  0    55   51   120  31   0    0    0    0    22   0    101  
149  38   1056 0    0    1171 52   0    0    42   0    0    0    
150  11   2    29   18   4    41   12   654  23   54   825  29   
151  16   7    44   38   37   68   12   43   14   14   82   19   
152  18   8    60   52   14   56   5    714  27   74   743  96   
153  32   2    282  76   2    37   9    422  11   49   337  4    
154  47   235  101  14   236  64   39   503  137  80   396  14   
155  5    0    15   33   1    8    3    994  6    20   755  17   
156  32   1    56   0    0    0    0    82   13   35   91   0    
157  0    0    8    165  2    124  43   765  16   1    725  70   
158  21   151  49   251  222  65   40   300  22   22   56   16   
159  5    100  56   189  245  159  155  991  33   23   604  17   
160  36   427  14   10   180  10   18   2    201  33   0    19   
161  0    252  11   5    291  0    0    0    0    6    0    9    
162  95   0    101  0    0    0    1    846  73   187  1172 0    
163  0    0    0    73   0    55   75   236  0    0    38   13   
164  33   0    12   1    0    286  165  400  29   11   504  0    
165  241  791  3    0    1450 150  130  9    152  0    0    0    
166  31   41   0    0    8    5    46   0    8    0    0    0    
167  2    0    3    0    0    0    0    32   11   14   24   0    
168  3    817  4    2    1105 2    5    0    8    2    1    16   
169  6    300  7    11   436  56   54   10   24   4    4    7    
170  12   298  46   1    642  10   2    0    10   135  7    108  
171  0    0    0    75   0    180  293  685  0    0    350  86   
172  16   133  6    3    353  97   138  18   39   4    11   5    
173  16   259  52   27   329  42   43   116  25   84   84   10   
174  68   407  84   150  1075 355  576  102  92   131  65   71   
175  12   35   7    52   150  38   14   914  21   33   1274 20   
176  0    0    0    141  0    14   0    1141 0    0    763  39   
177  0    0    0    44   0    417  181  325  1    1    214  22   
178  0    0    0    63   0    72   81   1128 0    0    771  17   
179  0    767  0    0    657  0    16   0    82   0    0    0    
180  20   742  16   29   1295 16   85   1    89   90   1    29   
181  0    155  188  22   402  0    0    0    0    292  0    32   
182  85   1    89   75   1    29   29   978  16   20   657  18   
183  18   0    70   11   1    2    3    687  7    6    86   1    
184  23   553  40   21   1674 30   4    0    17   152  0    84   
185  65   6    403  46   5    16   25   955  53   342  851  12   
186  222  382  0    0    528  620  359  0    136  0    0    0    
187  41   0    44   0    0    0    0    401  17   3    417  0    
188  53   684  0    0    1015 323  97   0    82   557  129  42   
189  0    0    0    0    0    258  59   602  0    0    629  5    
190  13   112  71   1    97   40   18   409  44   19   214  16   
191  568  104  0    0    2    558  800  0    870  0    0    0    
192  32   187  14   12   44   9    35   41   10   27   186  359  
193  0    54   6    163  95   0    0    0    0    1    0    77   
194  0    0    0    13   0    54   83   216  0    0    98   9    
195  80   579  42   353  740  43   24   2    47   270  5    506  
196  0    0    0    58   0    4    8    93   0    0    102  15   
197  53   0    7    0    0    0    0    604  80   6    252  0    
198  39   247  7    29   450  14   81   58   307  4    28   22   
199  22   0    3    0    0    0    0    554  17   2    190  0    
200  54   0    21   0    0    0    0    474  85   180  368  0    
201  0    0    0    0    0    216  54   140  0    0    0    0    
202  2    423  243  334  1173 0    0    2    4    557  0    258  
203  0    0    0    1257 0    543  537  767  0    0    447  320  
204  0    1009 351  160  1021 0    218  169  420  300  0    616  
205  0    122  9    59   409  0    0    0    0    9    0    59   
206  0    0    0    120  37   3    2    18   12   240  33   202  
207  11   95   30   37   80   2    2    8    12   78   19   35   
208  32   0    57   0    0    0    0    103  34   75   103  0    
209  0    0    1    30   0    30   42   531  1    1    278  31   
210  49   0    8    0    0    0    0    362  71   11   182  0    
211  11   202  10   36   725  137  296  5    98   4    9    65   
212  0    0    0    124  0    158  102  85   0    0    63   26   
213  0    0    0    6    0    3    5    126  0    0    75   14   
214  0    180  136  126  372  0    0    0    0    56   0    45   
215  6    171  9    6    78   5    9    6    17   5    5    6    
216  20   0    85   4    1    0    1    131  17   76   638  3    
217  7    13   3    10   5    6    10   18   11   1    15   9    
218  16   146  69   146  288  67   31   3    14   68   7    103  
219  174  0    106  0    0    0    291  365  0    0    559  483  
220  61   0    489  0    0    0    60   579  0    0    612  711  
221  0    0    0    708  0    72   0    288  250  612  122  0    
222  101  707  29   65   1325 409  442  39   43   235  104  202  
223  134  0    79   0    0    0    0    1126 239  231  1027 0    
224  0    0    0    53   0    62   0    857  317  141  344  0    
225  358  0    160  0    0    0    633  288  0    0    304  268  
226  0    0    0    157  0    213  0    472  106  513  284  0    
227  0    797  349  252  1347 0    0    264  387  102  0    110  
228  12   256  232  840  721  53   62   217  15   70   51   101  
229  25   118  0    0    222  115  96   0    8    0    0    0    
230  136  153  0    0    410  208  128  0    77   0    0    0    
231  0    447  180  176  256  0    0    0    0    71   0    77   
232  0    0    0    26   0    24   105  635  0    0    293  17   
233  246  0    324  0    0    0    0    883  91   571  603  0    
234  45   358  183  77   662  68   45   673  238  132  296  19   
235  131  268  111  8    225  137  36   648  18   20   124  18   
236  1    96   0    2    107  3    5    1    4    2    0    1    
237  41   219  0    0    636  21   28   0    64   0    0    0    
238  114  161  25   127  774  146  252  228  31   92   139  120  
239  565  495  52   110  322  161  96   425  217  60   778  286  
240  0    34   44   46   88   0    0    0    0    34   0    38   
241  43   381  0    0    1012 21   11   0    51   0    0    0    
242  0    0    0    81   0    69   55   263  0    0    420  83   
243  0    91   7    20   150  0    0    0    0    10   0    13   
244  0    0    0    82   0    88   64   505  0    0    283  41   
245  0    0    0    181  0    30   181  189  0    0    43   169  
246  29   302  0    0    611  16   8    0    17   0    0    0    
247  0    0    0    10   0    13   20   14   0    0    11   10   
248  0    216  4    56   359  0    0    0    0    6    0    63   
249  7    861  136  518  550  3    4    0    5    233  6    607  
250  0    0    0    73   0    135  0    681  296  78   668  0    
251  90   0    213  0    0    0    218  469  0    0    601  109  
252  46   0    100  0    0    0    0    874  30   66   1001 0    
253  181  605  0    0    558  176  0    0    0    35   0    156  
254  44   331  382  326  557  1    1    2    36   164  1    139  
255  644  226  158  11   26   32   156  269  149  36   45   10   
256  106  0    17   0    0    0    0    88   71   10   147  0    
257  64   0    25   1    0    3    2    196  261  33   96   4    
258  0    0    0    125  0    188  0    1449 0    0    495  0    
259  0    0    0    0    0    0    980  594  0    0    495  327  
260  0    0    0    0    0    0    257  649  0    0    317  9    
261  15   310  0    0    738  209  123  0    76   0    0    0    
262  285  777  0    0    882  205  1222 0    79   0    0    0    
263  36   405  41   28   1046 14   84   2    116  193  29   166  
264  62   405  82   21   683  77   265  215  151  311  170  55   
265  324  1277 94   68   647  90   101  248  140  50   229  82   
266  104  12   24   158  12   108  47   622  66   42   608  89   
267  19   253  57   480  301  169  34   911  27   35   502  178  
268  107  930  34   85   1123 141  132  20   68   59   9    55   
269  0    60   28   12   63   0    0    0    0    46   0    36   
270  78   482  0    0    675  122  164  0    50   0    0    0    
271  0    453  0    0    722  0    0    0    0    0    0    0    
272  0    0    0    198  0    186  100  302  0    0    391  27   
273  52   172  0    0    399  134  91   0    66   0    0    0    
274  52   0    166  0    0    0    0    282  64   201  483  0    
275  38   1156 0    0    934  78   309  0    122  0    0    0    
276  0    722  17   535  330  0    0    0    0    14   0    259  
277  17   702  27   96   317  82   244  75   32   231  119  382  
278  0    130  60   147  229  0    0    0    0    38   0    121  
279  0    1021 782  0    1203 0    0    0    355  0    0    446  
280  297  0    141  0    0    6    0    260  250  98   182  0    
281  2    202  73   69   467  8    4    0    2    165  1    49   
282  88   635  4    39   1432 128  34   2    139  9    6    17   
283  0    0    317  0    0    0    0    0    0    516  0    0    
284  0    0    0    70   0    565  246  934  0    0    823  56   
285  49   1187 54   56   1690 101  95   11   25   150  16   64   
286  0    0    0    0    0    0    401  520  0    0    248  382  
287  0    1901 0    0    735  0    0    0    0    0    0    0    
288  0    0    0    0    0    0    0    1210 0    0    774  0    
289  0    0    0    29   0    32   30   919  0    0    957  59   
290  0    0    0    0    0    408  371  137  0    0    116  6    
291  129  0    113  0    0    0    0    776  41   22   591  0    
292  457  0    0    0    0    0    0    519  566  0    1251 0    
293  0    258  122  0    82   228  84   435  0    48   1023 0    
294  0    416  35   31   235  363  59   497  0    150  707  63   
295  0    611  0    0    346  0    92   0    0    0    0    0    
296  9    44   26   59   63   102  171  13   8    6    11   34   
297  0    0    0    0    635  0    0    0    286  0    0    0    
298  0    538  50   174  1316 0    0    0    0    87   0    335  
299  0    599  181  13   272  0    0    0    0    107  0    17   
300  0    1015 124  128  778  0    0    0    0    74   0    88   